# Teff logg B vsini
5996 5.075 1.546 9.485
3797 3.276 2.156 36.945
4728 4.468 1.452 18.55
6536 2.681 2.875 26.012
6499 4.217 2.483 30.59
4299 3.104 1.842 13.052
3228 4.641 2.514 39.648
5037 3.538 1.186 2.108
5362 4.382 2.628 15.586
3437 2.595 1.051 28.047
4100 5.16 2.347 4.652
6166 3.363 1.957 37.113
6860 4.898 1.315 34.49
4933 3.797 2.987 11.951
3598 3.959 1.659 23.546
5665 2.846 2.018 21.007
5594 4.044 1.089 41.885
3668 2.933 2.73 4.346
4865 4.812 1.933 30.951
6930 3.712 2.262 13.412
6097 5.248 2.901 17.995
4171 3.448 1.291 25.456
3365 4.297 2.12 7.052
5432 2.507 1.698 34.513
5233 4.726 2.241 22.991
3034 3.626 1.57 20.451
4494 4.129 2.773 32.056
6303 3.019 1.414 9.518
6731 4.555 1.803 6.889
4531 2.765 2.381 39.351
3993 4.991 1.21 15.946
5802 3.189 2.6 28.406
5824 4.402 2.315 35.626
3875 2.747 1.987 8.165
4587 5.009 2.658 24.694
6645 3.342 1.018 17.234
6328 4.578 1.629 14.212
4377 3.601 2.05 31.752
3088 4.153 1.347 3.272
5147 3.167 2.956 40.81
5440 5.094 1.483 29.208
3265 3.429 2.843 16.747
4209 4.317 1.514 38.276
6025 2.66 2.186 5.815
6938 3.896 2.547 10.631
4761 2.909 1.156 33.17
3708 4.835 2.453 19.69
5525 3.86 1.874 22.229
5703 4.746 2.803 3.182
3527 3.778 1.382 40.721
4943 3.978 2.209 12.251
6758 2.998 1.6 29.79
6206 4.235 1.242 26.773
4030 2.57 2.57 19.313
3443 5.185 1.773 35.832
5260 3.511 2.413 8.371
5092 4.063 1.901 21.769
3144 3.085 2.292 24.307
4322 4.66 1.119 10.837
6381 3.692 2.698 33.377
6590 4.928 2.09 38.187
4640 3.252 1.73 5.727
3821 4.491 2.933 27.246
5880 2.829 1.261 14.785
5907 4.167 2.971 24.012
3857 3.153 1.329 21.473
4676 4.602 2.002 33.706
6617 3.578 1.673 11.167
6409 5.028 1.032 5.436
4357 3.324 2.641 37.897
3178 4.432 1.938 15.119
5120 2.716 2.36 27.581
5295 4.86 1.826 40.43
3471 3.835 2.498 2.892
4058 3.909 1.17 30.125
6241 2.895 2.528 12.585
6794 4.345 2.137 19.018
4970 2.631 1.56 26.478
3554 5.114 2.856 8.701
5739 3.41 1.465 36.163
5559 5.198 2.396 16.417
3736 3.497 1.786 28.879
4789 4.258 2.615 6.111
6972 2.547 1.193 38.571
6061 3.996 1.582 32.836
4236 2.98 2.223 10.296
3292 4.775 1.426 22.519
5476 3.748 2.755 19.981
5173 4.517 1.306 7.831
3123 2.804 2.884 35.292
4413 4.94 1.713 17.524
6354 3.239 2.103 24.985
6673 4.689 2.742 31.422
4622 3.662 1.071 13.883
3910 4.083 2.274 41.106
5852 3.066 1.915 3.567
5766 4.622 1.138 20.156
3966 3.558 2.559 22.695
4504 4.187 1.856 9.847
6695 3.133 2.465 32.386
6268 4.455 2.826 39.06
4466 2.694 1.498 6.599
3007 5.05 2.169 28.741
5198 3.302 1.529 16.281
5404 3.929 2.032 4.054
3330 2.876 1.641 41.594
4136 4.881 2.938 13.747
6069 3.815 1.359 31.285
6903 5.137 1.97 25.162
4829 3.387 2.33 17.7
3632 4.368 1.001 34.842
5567 2.608 2.673 7.382
5638 4.278 1.743 27.717
3564 2.527 2.07 15.257
4899 5.219 1.274 37.409
6832 3.476 2.914 4.947
6139 4.798 2.306 11.617
4064 3.725 1.884 34.155
3401 4.019 2.712 21.297
5335 2.958 1.103 23.837
5002 4.96 2.583 36.611
3202 3.219 1.223 9.15
4272 4.537 2.427 26.303
6464 2.784 1.754 18.841
6501 4.106 1.396 12.722
4700 3.043 2.787 30.261
3769 4.712 1.615 2.403
5961 3.64 2.193 39.943
5943 4.315 1.437 4.786
3760 2.662 2.765 37.246
4706 5.082 1.593 15.726
6530 3.441 2.233 28.188
6443 4.826 2.623 23.376
4259 3.869 1.202 20.838
3203 3.876 2.405 34.308
5027 2.929 1.796 11.768
5321 4.997 2.269 18.372
3380 3.354 1.909 25.832
4090 4.401 2.738 9.312
6140 2.748 1.066 36.774
6822 4.133 1.706 39.79
4881 3.187 2.097 2.251
3592 4.569 1.299 30.721
5644 3.611 2.878 13.182
5588 4.659 1.949 32.229
3647 3.693 2.37 9.69
4827 4.051 1.043 23.17
6878 3.097 2.652 20.631
6087 4.482 2.01 15.815
4145 2.838 1.682 28.276
3324 4.907 2.979 6.747
5375 3.273 1.339 39.208
5208 3.966 2.851 30.811
3025 3.011 1.46 13.271
4438 4.744 2.133 41.751
6262 3.779 1.554 4.213
6709 5.165 1.162 7.233
4525 3.531 2.522 34.695
3940 4.225 1.819 18.166
5765 2.579 2.491 25.626
5865 5.145 2.706 38.407
3932 3.378 1.096 5.945
4597 4.378 2.3 29.35
6671 2.598 1.877 16.89
6365 3.942 1.269 19.517
4430 2.863 2.91 22.057
3094 4.892 1.737 10.452
5168 3.803 2.066 32.99
5493 4.463 1.624 24.513
3302 2.685 2.202 17.052
4231 5.06 1.405 35.456
6031 3.291 2.795 7.996
6994 4.635 2.437 3.412
4803 3.545 1.765 40.951
3733 4.199 2.593 14.346
5535 3.122 1.234 31.884
5728 4.114 2.163 11.007
3537 3.034 1.522 33.546
4999 4.722 2.819 21.951
6799 3.63 1.49 24.49
6228 4.973 1.851 27.113
4036 3.207 2.461 14.652
3496 4.548 1.132 38.047
5297 2.772 2.555 5.586
5098 4.807 1.01 12.109
3165 3.716 2.682 29.647
4359 4.029 1.979 3.051
6433 2.947 2.338 40.591
6600 4.291 2.948 36.011
4666 2.513 1.371 8.551
3862 5.23 2.042 26.946
5937 3.465 1.652 19.484
5901 4.868 2.111 29.942
3835 3.827 1.689 12.404
4639 3.928 2.892 40.261
6564 2.877 1.283 2.722
6399 4.348 1.923 8.842
4332 2.628 2.25 36.302
3138 5.128 1.079 19.15
5064 3.396 2.719 26.611
5269 4.186 1.216 33.836
3461 3.134 2.607 11.298
4001 4.61 1.81 24.156
6200 3.57 2.388 21.616
6773 5.041 2.778 14.948
4964 3.311 1.418 27.408
3502 4.434 2.247 5.256
5701 2.714 1.574 37.718
5507 4.525 2.505 17.381
3698 2.796 1.177 24.843
4768 4.959 2.474 7.701
6966 3.22 1.834 35.161
6004 4.692 1.442 41.286
4195 3.66 2.863 3.746
3266 4.096 1.536 31.594
5466 3.053 2.145 14.055
5132 5.217 1.665 6.28
3067 3.478 2.025 38.742
4403 4.266 1.322 16.599
6329 2.539 2.994 29.06
6636 4.01 2.352 22.386
4569 2.967 1.961 19.847
3904 4.778 2.634 32.695
5830 3.745 1.055 10.156
5792 3.905 1.778 13.567
3976 2.9 2.419 31.106
4561 4.846 1.246 3.883
6736 3.85 2.575 41.422
6289 5.108 2.217 34.985
4472 3.416 1.607 7.524
3060 4.328 2.81 25.291
5235 2.649 1.388 17.831
5410 4.587 2.922 9.98
3352 3.593 1.251 32.52
4173 4.163 2.078 20.297
6122 3.157 1.719 22.835
6913 4.414 1.111 28.572
4854 2.734 2.689 16.11
3674 5.021 1.892 38.878
5623 3.331 2.282 6.417
5679 4.936 1.352 26.162
3620 3.244 2.962 18.702
4909 4.502 1.633 36.479
6857 2.819 2.056 9.017
6176 4.076 2.666 2.586
4117 3.072 1.024 40.124
3407 4.671 2.322 12.891
5357 3.68 1.994 30.431
5054 4.243 2.442 37.58
3239 2.562 1.864 5.12
4294 5.195 2.536 27.897
6470 3.5 1.145 15.436
6558 4.758 1.505 21.167
4741 3.765 2.177 23.706
3795 3.99 1.475 11.473
5971 2.987 2.833 34.012
5976 3.986 2.415 17.904
3786 2.991 1.774 25.365
4747 4.764 2.571 7.588
6548 3.759 1.243 35.049
6480 5.187 1.603 41.505
4288 3.508 2.212 3.966
3248 4.248 1.384 31.198
5049 2.557 2.807 13.66
5350 4.679 1.254 6.509
3417 3.672 2.926 38.971
4112 4.072 1.724 16.194
6185 3.077 2.082 28.654
6848 4.505 2.692 22.9
4914 2.815 1.115 20.36
3610 4.93 2.287 32.592
5685 3.249 1.896 10.054
5613 5.017 2.966 30.347
3680 3.334 1.356 12.809
4845 4.42 2.059 40.032
6919 2.728 1.637 2.492
6116 4.156 1.029 8.945
4183 3.164 2.67 36.405
3345 4.592 1.997 18.637
5420 3.588 2.326 26.099
5245 4.335 1.86 33.949
3054 2.641 2.438 11.41
4483 5.103 1.141 23.633
6283 3.421 2.531 21.093
6743 4.849 2.173 15.343
4550 3.847 1.502 27.804
3981 3.899 2.829 5.036
5782 2.906 1.47 37.498
5836 4.787 1.693 26.548
3895 3.736 2.114 19.087
4575 4.009 1.287 36.229
6626 2.968 2.896 8.768
6339 4.268 2.254 2.629
4397 2.537 1.926 40.168
3076 5.207 2.723 12.32
5127 3.488 1.083 29.86
5460 4.094 2.603 37.634
3277 3.054 1.212 5.174
4190 4.702 2.385 27.316
6013 3.65 1.806 14.854
6957 4.95 1.414 21.543
4773 3.229 2.774 24.081
3688 4.525 1.571 11.234
5513 2.795 2.243 33.773
5691 4.443 1.174 14.147
3508 2.705 2.501 31.687
4954 5.04 1.83 3.83
6778 3.311 2.47 41.368
6194 4.612 2.86 35.225
4011 3.568 1.438 7.763
3455 4.176 2.141 24.915
5280 3.144 1.532 17.455
5073 5.126 2.029 10.229
3132 3.398 1.669 32.769
4342 4.358 2.998 19.911
6392 2.618 1.325 22.45
6571 3.919 1.965 29.143
4629 2.886 2.356 16.682
3841 4.869 1.059 38.834
5892 3.827 2.637 6.373
5926 5.238 1.1 33.064
3868 3.458 2.71 10.524
4656 4.286 1.881 22.12
6605 2.518 2.304 19.582
6428 4.032 2.914 16.972
4369 2.944 1.273 29.434
3159 4.801 2.07 6.039
5108 3.723 1.742 38.499
5307 4.544 2.197 31.977
3490 2.776 1.62 14.438
4046 4.979 2.791 41.034
6221 3.201 1.401 3.495
6806 4.715 1.761 8.059
4989 3.637 2.433 35.52
3543 4.119 1.23 17.125
5719 3.029 2.589 24.586
5540 4.206 1.518 5.503
3724 3.114 2.159 37.964
4809 4.63 1.487 14.559
6984 3.549 2.815 27.02
6041 5.064 2.457 24.416
4224 3.288 1.847 21.877
3311 4.458 2.55 33.483
5488 2.691 1.128 10.943
5162 4.888 2.686 19.422
3104 3.807 1.014 26.882
4425 3.948 2.342 8.477
6374 2.857 1.983 35.939
6662 4.371 1.375 40.498
4602 2.606 2.952 2.959
3922 5.15 1.656 29.564
5871 3.373 2.046 12.024
5755 4.223 2.761 11.706
3947 2.581 1.433 34.244
4516 5.175 2.23 20.764
6715 3.521 1.59 23.304
6256 4.736 1.198 28.094
4447 3.788 2.619 15.634
3018 3.966 1.792 37.163
5218 3.01 2.401 4.702
5385 4.916 1.913 13.099
3318 3.264 2.273 30.638
4156 4.482 1.07 2.158
6081 2.838 2.742 39.697
6884 4.053 2.1 36.7
4817 3.095 1.709 9.239
3652 4.649 2.882 25.769
5578 3.703 1.303 18.308
5649 4.567 2.374 39.301
3583 3.613 1.953 6.839
4887 4.143 2.655 28.359
6812 3.177 1.046 15.898
6151 4.392 1.686 20.694
4084 2.757 2.014 23.234
3389 4.998 1.343 9.763
5316 3.354 2.983 32.302
5021 3.885 1.456 25.7
3213 2.92 2.847 18.238
4253 4.825 1.55 34.758
6452 3.87 2.129 7.298
6521 5.084 2.519 4.295
4711 3.439 1.159 41.835
3750 4.305 2.487 13.365
5949 2.672 1.815 30.903
5955 4.703 2.555 16.373
3780 3.648 1.133 28.834
4695 4.107 2.461 6.682
6511 3.042 1.853 39.143
6455 4.535 1.494 32.45
4278 2.786 2.821 9.911
3191 4.97 1.525 22.768
5008 3.209 2.165 20.229
5341 4.021 1.645 7.454
3392 2.956 2.036 34.916
4071 4.788 1.364 17.764
6128 3.735 2.942 25.224
6842 5.227 2.334 31.369
4892 3.468 1.974 13.829
3573 4.278 2.678 41.686
5632 2.528 1.005 4.148
5576 4.359 2.075 23.772
3627 2.617 1.747 21.234
4839 5.138 2.918 34.082
6897 3.386 1.278 11.543
6075 4.879 1.889 4.855
4126 3.817 2.31 37.315
3336 3.939 1.107 15.173
5395 2.865 2.716 27.635
5188 5.052 1.219 39.859
3013 3.3 2.579 2.321
4457 4.445 1.75 30.168
6273 2.703 2.422 12.629
6690 4.196 2.783 18.768
4513 3.124 1.392 26.229
3960 4.621 2.189 9.087
5776 3.559 1.61 36.548
5845 4.086 1.333 27.497
3920 3.062 2.974 15.037
4616 4.683 1.677 37.804
6682 3.668 2.006 5.343
6345 4.947 2.645 11.094
4419 3.232 1.035 33.632
3113 4.512 2.364 21.41
5180 2.809 1.942 23.949
5481 4.768 2.493 36.098
3282 3.755 1.822 8.638
4243 4.001 2.525 26.405
6050 2.976 1.166 18.944
6983 4.255 1.555 12.493
4783 2.55 2.133 30.031
3745 5.204 1.462 2.808
5554 3.491 2.852 40.348
5748 5.118 1.783 20.053
3549 3.406 2.392 22.593
4980 4.339 1.189 10.36
6788 2.637 2.611 32.899
6247 3.916 2.22 38.655
4048 2.888 1.578 6.193
3476 4.856 2.751 28.97
5285 3.84 1.422 16.51
5110 4.424 2.888 3.659
3185 2.724 1.311 41.199
4348 5.032 2.107 13.966
6414 3.319 1.716 31.505
6612 4.599 1.075 25.049
4685 3.581 2.746 17.588
3851 4.173 1.919 35.365
5917 3.147 2.277 7.904
5889 4.493 1.991 40.904
3816 2.827 2.319 3.364
4650 4.918 1.022 31.834
6584 3.262 2.662 14.296
6387 4.669 2.054 17.297
4312 3.683 1.633 24.759
3149 4.062 2.96 8.239
5083 3.086 1.351 35.699
5250 5.176 2.839 22.302
3449 3.52 1.479 19.763
4021 4.235 2.182 33.233
6212 2.569 1.51 10.695
6753 3.976 1.152 5.898
4952 3.0 2.543 38.359
3521 4.756 1.87 16.84
5713 3.768 2.449 29.3
5518 4.837 1.378 8.308
3718 3.858 2.799 35.769
4756 3.886 1.596 19.239
6947 2.919 2.205 26.7
6016 4.325 2.566 29.697
4215 2.651 1.238 12.158
3254 5.094 2.409 40.638
5447 3.429 1.769 3.099
5152 4.145 2.296 14.702
3079 3.176 1.905 27.162
4384 4.579 2.702 5.633
6317 3.6 1.123 38.095
6656 5.007 1.734 33.303
4581 3.344 2.094 10.765
3885 4.412 1.265 24.245
5819 2.737 2.937 21.705
5811 4.983 2.152 2.025
3988 3.197 1.542 39.564
4541 4.559 2.871 12.958
6725 2.761 1.449 30.498
6309 4.126 1.838 25.938
4484 3.022 2.479 18.478
3040 4.732 1.182 36.883
5224 3.62 2.511 9.421
5422 4.301 1.054 20.944
3371 2.504 2.632 23.482
4161 5.242 1.961 11.877
6102 3.454 2.351 34.416
6925 4.819 2.99 37.02
4874 3.705 1.319 4.559
3662 4.039 2.022 27.964
5604 2.937 1.663 15.503
5659 3.952 2.734 34.586
3609 2.853 1.093 7.125
4928 4.903 2.265 25.52
6869 3.792 1.937 18.059
6156 5.157 1.295 13.495
4105 3.366 2.905 31.034
3426 4.388 1.701 4.438
5369 2.589 2.124 41.977
5043 4.645 1.566 28.5
3219 3.535 2.238 16.038
4306 4.211 1.41 39.433
6489 3.11 2.769 6.973
6546 4.475 2.377 9.581
4721 2.674 1.8 32.121
3806 5.07 2.596 20.525
5990 3.281 1.206 23.064
5986 4.47 2.657 29.469
3811 2.678 1.016 16.929
4726 5.078 2.313 38.527
6542 3.274 1.985 5.989
6486 4.639 1.345 10.564
4309 3.541 2.955 33.026
3222 4.214 1.626 19.634
5039 3.106 2.049 22.094
5372 5.163 1.512 35.57
3423 3.361 2.184 8.031
4102 4.385 1.481 24.629
6160 2.591 2.84 17.09
6874 3.957 2.45 14.464
4923 2.848 1.873 31.925
3604 4.896 2.544 3.533
5663 3.8 1.154 40.993
5607 4.814 2.208 21.908
3658 3.709 1.598 24.369
4870 4.047 2.801 10.966
6929 2.93 1.379 33.428
6107 4.295 1.771 38.009
4157 2.51 2.412 5.47
3367 5.245 1.239 27.078
5426 3.45 2.568 14.538
5220 4.132 1.118 3.014
3044 3.017 2.696 40.474
4489 4.729 1.899 12.072
6304 3.623 2.289 29.534
6721 4.988 2.931 26.903
4545 3.192 1.26 19.364
3991 4.552 2.087 35.972
5808 2.768 1.728 8.432
5814 5.012 1.451 15.613
3889 3.34 2.872 28.151
4585 4.404 1.545 4.669
6651 2.744 2.154 37.209
6314 4.151 2.512 34.189
4387 3.169 1.184 11.729
3082 4.576 2.481 23.256
5149 3.604 1.841 20.794
5450 4.319 2.345 9.194
3251 2.657 1.954 36.733
4211 5.098 2.627 18.25
6019 3.426 1.048 25.79
6952 4.833 1.656 30.608
4751 3.863 2.016 13.147
3714 3.893 1.313 39.674
5523 2.911 2.985 2.213
5717 3.981 1.932 23.208
3518 2.996 2.259 20.747
4948 4.748 1.087 32.264
6757 3.775 2.728 9.804
6216 5.182 2.118 6.789
4016 3.513 1.696 39.329
3445 4.232 2.899 15.856
5254 2.573 1.29 28.394
5079 4.663 2.771 41.795
3153 3.689 1.412 4.333
4317 4.066 2.24 30.85
6382 3.082 1.567 13.39
6580 4.489 1.207 18.203
4654 2.831 2.599 25.743
3819 4.924 1.801 7.27
5886 3.255 2.379 34.808
5921 4.604 1.858 3.999
3847 3.575 2.468 41.46
4682 4.17 1.139 13.68
6615 3.15 2.561 31.141
6418 4.43 2.171 25.413
4344 2.719 1.53 17.873
3180 5.024 2.828 35.103
5115 3.327 1.499 7.565
5281 3.912 2.94 20.417
3481 2.893 1.362 22.879
4052 4.863 2.034 10.099
6243 3.832 1.643 32.559
6784 5.111 1.004 38.994
4983 3.412 2.675 6.454
3553 4.343 1.972 28.685
5744 2.634 2.331 16.147
5549 4.26 1.276 36.442
3749 2.544 2.917 8.904
4787 5.202 1.744 26.125
6978 3.494 2.073 18.585
6047 4.773 2.715 12.852
4246 3.751 1.105 30.312
3286 3.993 2.308 2.542
5478 2.983 1.886 40.004
5183 4.943 2.428 27.856
3110 3.237 1.757 15.318
4415 4.519 2.584 37.538
6348 2.801 1.225 4.998
6687 4.08 1.617 11.438
4612 3.068 2.195 33.899
3916 4.687 1.398 21.129
5850 3.665 2.788 23.59
5780 4.19 2.003 40.14
3956 3.13 1.675 2.68
4510 4.625 2.972 29.824
6693 3.555 1.332 12.363
6277 5.048 1.94 19.034
4453 3.304 2.362 26.573
3008 4.452 1.034 8.728
5193 2.697 2.643 36.267
5390 4.883 1.171 24.039
3340 3.812 2.531 21.579
4130 3.932 1.827 33.724
6071 2.873 2.5 11.262
6894 4.366 2.858 5.136
4842 2.611 1.467 37.674
3631 5.134 2.139 14.828
5572 3.389 1.561 27.368
5627 5.221 2.617 7.74
3578 3.474 1.195 35.28
4897 4.281 2.398 17.425
6838 2.524 1.789 24.963
6125 4.016 1.429 31.63
4074 2.96 2.756 14.168
3395 4.796 1.585 41.323
5337 3.728 2.225 3.863
5012 4.539 1.714 16.634
3188 2.781 2.105 29.173
4275 4.963 1.308 6.319
6458 3.217 2.886 38.857
6515 4.709 2.276 32.736
4690 3.642 1.916 10.274
3775 4.103 2.745 22.429
5959 3.045 1.072 19.968
5945 5.08 2.297 24.809
3754 3.444 1.876 17.269
4716 4.312 2.703 35.742
6516 2.664 1.095 8.203
6448 3.879 1.736 3.389
4257 2.926 2.064 40.851
3216 4.829 1.267 14.334
5018 3.867 2.908 31.794
5319 4.397 1.402 38.395
3386 2.751 2.794 5.855
4080 4.995 1.621 29.328
6154 3.357 2.2 16.79
6817 4.572 2.591 19.803
4883 3.608 1.232 22.264
3579 4.136 2.436 10.747
5653 3.184 1.763 33.208
5582 4.049 2.817 12.213
3649 3.1 1.489 29.674
4814 4.656 2.16 3.147
6888 3.695 1.52 40.608
6085 4.91 1.131 35.789
4151 3.269 2.552 8.251
3314 4.485 1.849 26.734
5389 2.836 2.458 19.194
5214 4.741 1.977 10.795
3023 3.782 2.337 33.255
4452 3.963 1.008 21.728
6252 3.013 2.68 24.19
6711 4.228 2.041 27.208
4519 2.577 1.65 14.67
3950 5.167 2.947 38.152
5751 3.528 1.368 5.612
5867 4.375 1.591 18.433
3926 2.601 2.232 25.971
4607 5.143 1.435 9.364
6657 3.381 2.764 36.904
6370 4.895 2.403 39.533
4429 3.801 1.793 2.073
3107 3.944 2.622 30.475
5159 2.86 1.2 13.013
5491 5.058 2.735 4.539
3308 3.294 1.064 37.077
4221 4.461 2.267 15.47
6045 2.687 1.908 28.009
6989 4.202 1.297 23.427
4804 3.118 2.875 20.967
3720 4.638 1.704 34.369
5544 3.543 2.094 11.908
5722 4.719 1.04 30.994
3539 3.632 2.65 13.532
4985 4.112 1.946 41.925
6809 3.037 2.369 4.464
6226 4.551 2.978 7.09
4042 2.77 1.336 34.629
3486 4.975 2.008 18.031
5311 3.204 1.68 25.57
5104 4.026 2.13 32.095
3163 2.95 1.553 9.633
4373 4.804 2.849 23.025
6423 3.719 1.458 20.565
6602 5.233 1.817 15.988
4660 3.462 2.489 28.528
3872 4.294 1.161 6.93
5923 2.511 2.52 39.468
5895 3.925 1.249 9.968
3837 2.88 2.576 32.429
4625 4.865 1.78 20.275
6574 3.829 2.42 22.735
6397 5.13 2.812 28.857
4338 3.393 1.39 16.318
3128 4.351 2.218 39.173
5077 2.626 1.609 6.635
5275 4.607 2.081 13.862
3459 3.572 1.721 31.324
4015 4.184 2.925 4.169
6190 3.137 1.252 41.629
6775 4.438 1.894 34.964
4958 2.711 2.285 7.424
3512 5.043 1.113 25.279
5688 3.308 2.691 17.741
5508 4.956 1.636 37.368
3693 3.224 2.057 4.829
4778 4.522 1.354 27.675
6953 2.798 2.963 15.135
6010 4.099 2.324 21.263
4193 3.049 1.996 23.723
3280 4.695 2.667 11.578
5456 3.657 1.027 34.04
5131 4.263 2.538 26.267
3072 2.541 1.147 18.728
4394 5.215 2.444 36.573
6342 3.481 1.865 9.034
6630 4.781 1.476 2.363
4571 3.742 2.836 39.824
3890 4.012 1.507 12.679
5840 2.964 2.179 30.141
5786 4.843 2.894 33.59
3978 3.852 1.284 11.129
4547 3.902 2.113 23.899
6746 2.903 1.691 21.438
6287 4.331 1.08 14.999
4478 2.646 2.721 27.538
3049 5.11 1.924 5.317
5249 3.413 2.253 37.856
5416 4.161 1.812 30.003
3350 3.16 2.39 12.543
4187 4.584 1.219 40.313
6112 3.595 2.609 2.851
6915 5.023 2.248 8.586
4848 3.328 1.577 36.124
3684 4.417 2.78 18.903
5609 2.732 1.421 26.443
5680 4.499 2.476 6.146
3615 2.821 1.835 38.686
4918 4.934 2.508 16.455
6844 3.246 1.179 28.994
6182 4.675 1.537 22.56
4115 3.677 2.147 20.098
3421 4.079 1.443 32.878
5347 3.07 2.866 10.418
5053 5.192 1.324 17.564
3244 3.504 2.995 25.104
4285 4.24 1.668 7.874
6483 2.564 2.027 35.412
6552 3.992 2.635 41.141
4743 2.984 1.057 3.68
3781 4.761 2.354 31.46
5981 3.763 1.964 13.999
5974 4.762 1.288 37.92
3791 3.762 2.898 5.381
4738 3.983 1.695 27.611
6561 2.993 2.117 15.072
6474 4.251 2.725 21.531
4290 2.554 1.084 23.992
3234 5.19 2.257 11.212
5059 3.506 1.928 33.673
5352 4.068 2.386 26.525
3411 3.08 1.808 18.987
4121 4.677 2.605 36.217
6172 3.675 1.215 8.677
6854 4.933 1.573 2.925
4912 3.247 2.244 40.385
3624 4.507 1.417 12.606
5675 2.813 2.776 30.067
5619 4.418 1.831 10.324
3678 2.731 2.472 32.786
4858 5.015 1.175 20.016
6909 3.337 2.504 22.476
6119 4.594 2.143 28.931
4176 3.585 1.533 16.391
3355 4.159 2.862 38.611
5406 3.162 1.44 6.073
5239 5.1 2.999 13.926
3056 3.423 1.328 31.387
4469 4.333 2.031 3.617
6293 2.644 1.672 41.078
6740 3.902 1.061 35.33
4557 2.903 2.639 7.79
3971 4.851 1.968 25.011
5796 3.844 2.358 17.472
5834 4.006 2.573 6.561
3901 2.97 1.245 39.1
4566 4.785 2.416 16.255
6639 3.739 1.776 28.794
6333 5.21 1.387 22.652
4399 3.485 2.808 20.191
3062 4.271 1.605 32.336
5137 2.534 2.214 9.876
5462 4.699 1.725 17.647
3271 3.653 2.085 25.187
4199 4.091 1.256 7.342
6000 3.057 2.928 34.88
6963 4.528 2.289 41.567
4771 2.792 1.898 4.105
3702 4.953 2.695 31.249
5503 3.227 1.116 13.789
5697 5.037 2.061 34.122
3506 3.314 1.639 11.662
4968 4.441 2.967 23.816
6768 2.708 1.358 21.354
6197 4.179 2.0 15.209
4005 3.142 2.327 27.747
3465 4.614 1.031 4.892
5266 3.565 2.671 37.432
5067 4.355 1.143 30.204
3134 2.621 2.534 12.743
4328 5.123 1.862 39.898
6402 3.4 2.44 2.436
6568 4.872 2.832 9.127
4635 3.823 1.472 36.666
3831 3.922 2.176 18.811
5906 2.883 1.503 26.35
5933 4.284 2.228 13.078
3866 2.521 1.587 30.538
4670 5.235 2.759 2.145
6595 3.46 1.431 39.607
6430 4.804 1.79 36.995
4363 3.719 2.399 9.457
3169 4.035 1.195 26.055
5095 2.942 2.618 18.515
5301 4.976 1.068 11.991
3492 3.203 2.74 34.452
4032 4.542 1.912 21.059
6231 2.778 2.271 23.521
6804 4.122 2.879 28.082
4995 3.027 1.302 15.543
3533 4.717 2.098 37.141
5732 3.634 1.708 4.602
5538 4.627 2.654 25.477
3730 3.553 1.044 17.938
4799 4.204 2.373 34.546
6998 3.116 1.951 7.007
6036 4.46 1.34 4.4
4226 2.688 2.981 41.862
3298 5.066 1.684 13.46
5497 3.286 2.013 30.92
5164 3.945 1.548 39.396
3098 2.859 2.126 6.856
4435 4.886 1.455 28.464
6360 3.81 2.845 15.926
6667 5.153 2.484 20.482
4600 3.371 1.813 22.944
3935 4.373 2.516 9.541
5862 2.603 1.157 32.001
5761 5.172 1.88 31.722
3944 3.523 2.301 14.26
4530 4.221 1.098 40.787
6705 2.584 2.707 3.327
6258 3.97 2.068 8.12
4441 3.007 1.74 35.66
3028 4.738 2.911 17.177
5204 3.785 1.271 24.715
5379 4.479 2.79 33.115
3321 2.842 1.399 10.654
4142 4.913 2.196 22.181
6091 3.266 1.617 19.72
6882 4.651 1.228 16.726
4823 3.7 2.588 29.265
3643 4.056 1.759 5.783
5592 3.093 2.431 38.321
5647 4.14 1.485 19.277
3589 3.18 2.813 26.816
4877 4.564 1.516 8.343
6826 3.616 2.157 35.883
6145 5.001 2.548 40.681
4085 3.351 1.127 3.22
3376 4.394 2.454 29.738
5325 2.754 1.846 12.276
5023 4.823 2.34 5.677
3207 3.873 1.981 38.215
4263 3.882 2.684 14.742
6438 2.922 1.012 27.282
6527 4.308 1.653 24.282
4710 2.669 2.045 21.821
3763 5.087 1.373 33.339
5940 3.436 2.951 10.877
5965 4.109 1.68 36.35
3766 3.039 2.007 8.811
4697 4.706 1.336 26.666
6504 3.646 2.976 19.127
6468 4.968 2.365 12.437
4268 3.212 1.944 29.897
3197 4.532 2.647 2.743
5006 2.788 1.038 40.204
5331 4.791 2.527 27.431
3406 3.733 1.167 14.893
4069 4.024 2.496 37.748
6135 2.953 1.823 5.208
6829 4.275 1.463 11.355
4902 2.53 2.854 33.815
3567 5.225 1.557 21.661
5634 3.471 2.135 24.123
5562 5.14 1.191 3.788
3637 3.383 2.612 41.25
4833 4.362 1.785 14.106
6899 2.614 2.394 31.566
6066 3.937 2.752 24.881
4139 2.868 1.425 17.341
3334 4.875 2.221 35.186
5400 3.82 1.581 7.648
5202 4.447 2.109 19.875
3003 2.701 1.718 22.337
4463 5.055 2.89 10.192
6271 3.296 1.312 32.652
6699 4.618 1.92 38.794
4500 3.561 2.28 6.255
3962 4.194 1.077 29.1
5771 3.127 2.749 16.561
5855 4.686 2.464 7.472
3906 3.666 1.854 35.011
4619 4.089 2.557 17.79
6676 3.059 1.135 25.329
6359 4.509 1.527 31.078
4409 2.811 2.168 13.617
3119 4.945 1.495 41.387
5178 3.235 2.824 3.926
5471 4.003 1.366 16.072
3296 2.973 2.944 28.612
4240 4.771 1.647 6.392
6056 3.753 2.037 38.93
6969 5.202 2.679 32.477
4792 3.493 1.008 10.015
3739 4.252 2.335 22.785
5556 2.553 1.976 20.325
5734 4.342 2.92 40.067
3559 2.635 1.279 2.607
4974 5.12 2.077 30.386
6790 3.403 1.748 12.924
6238 4.853 1.108 18.678
4061 3.842 2.718 26.216
3475 3.914 1.89 8.986
5291 2.891 2.312 36.526
5124 5.035 1.753 23.673
3175 3.317 2.424 21.212
4354 4.427 1.222 33.992
6412 2.721 2.581 11.53
6621 4.171 2.191 5.072
4672 3.15 1.613 37.611
3852 4.596 2.784 15.381
5911 3.584 1.394 27.92
5876 4.92 2.869 20.878
3825 3.26 1.447 23.338
4645 4.497 2.149 11.821
6586 2.824 1.541 34.283
6377 4.06 1.181 37.281
4326 3.089 2.508 4.743
3147 4.666 1.837 28.216
5089 3.685 2.477 15.676
5263 4.238 1.958 2.277
3440 2.567 2.35 39.737
4026 5.178 1.052 13.22
6210 3.517 2.63 30.681
6763 4.753 2.02 25.882
4938 3.77 1.661 18.344
3523 3.973 2.989 36.816
5707 3.003 1.317 9.277
5528 3.889 2.263 28.322
3705 2.916 1.935 15.782
4758 4.84 2.732 39.265
6941 3.855 1.092 6.726
6030 5.091 1.7 9.72
4205 3.432 2.121 32.181
3261 4.322 1.294 20.654
5444 2.654 2.903 23.115
5142 4.582 1.407 34.716
3092 3.598 2.767 7.176
4382 4.147 1.564 25.659
6323 3.173 2.236 18.121
6642 4.409 2.594 13.326
4591 2.739 1.203 30.788
3879 5.005 2.376 4.261
5821 3.347 1.797 41.721
5798 4.562 1.02 22.002
3997 2.758 2.661 19.54
4535 4.986 1.988 32.943
6726 3.194 2.317 10.483
6299 4.729 2.959 5.925
4498 3.622 1.349 38.465
3038 4.123 2.052 16.857
5230 3.026 1.63 29.395
5435 5.244 2.18 40.921
3362 3.451 1.509 3.459
4167 4.304 2.836 31.861
6100 2.501 1.477 14.401
6935 4.037 1.869 17.006
4860 2.94 2.447 24.546
3664 4.816 1.15 7.938
5598 3.707 2.54 35.477
5669 4.906 1.594 14.602
3595 3.79 2.204 27.141
4930 3.954 1.375 5.543
6863 2.85 2.798 38.082
6170 4.385 2.408 33.52
4095 2.591 1.767 11.06
3432 5.154 2.564 24.452
5366 3.369 1.236 21.991
5033 4.213 2.699 8.516
3233 3.107 1.122 36.054
4304 4.648 2.293 19.456
6495 3.532 1.903 26.996
6532 5.068 1.263 29.606
4731 3.284 2.935 12.146
3800 4.472 1.732 40.539
5993 2.676 2.091 3.077
5994 4.215 1.037 16.818
3803 3.105 2.646 29.278
4734 4.64 1.943 5.886
6534 3.54 2.365 38.348
6493 5.077 2.973 33.216
4302 3.275 1.333 10.678
3230 4.469 2.004 22.276
5032 2.679 1.677 19.736
5364 4.897 2.134 8.212
3431 3.798 1.556 35.672
4094 3.958 2.853 17.28
6168 2.846 1.462 24.741
6866 4.384 1.82 31.822
4931 2.593 2.493 14.283
3596 5.162 1.164 40.881
5671 3.362 2.524 3.342
5599 5.246 1.58 24.256
3666 3.449 2.22 21.717
4862 4.296 1.424 33.325
6936 2.509 2.751 10.786
6099 4.045 2.391 5.66
4165 2.932 1.782 38.121
3359 4.812 2.61 14.719
5434 3.711 1.188 27.18
5227 4.554 2.748 40.656
3036 2.767 1.075 3.116
4496 4.989 2.279 29.723
6297 3.19 1.919 12.185
6729 4.727 1.309 19.261
4537 3.624 2.888 26.723
3999 4.131 1.715 8.321
5800 3.018 2.106 35.781
5822 4.574 2.821 27.942
3881 3.606 1.492 15.48
4593 4.149 2.165 37.007
6643 3.171 1.524 4.547
6321 4.406 1.134 11.86
4380 2.742 2.556 34.4
3089 5.013 1.853 20.917
5141 3.338 2.463 23.455
5442 3.892 1.973 36.855
3259 2.913 2.332 9.394
4203 4.832 1.005 25.921
6027 3.864 2.676 18.461
6944 5.099 2.036 12.947
4759 3.425 1.646 30.486
3706 4.32 2.943 2.003
5530 2.656 1.365 39.542
5709 4.231 2.309 20.537
3526 2.574 1.887 23.076
4940 5.18 2.716 9.603
6765 3.515 1.106 32.142
6208 4.749 1.747 39.46
4024 3.774 2.076 6.999
3437 3.982 1.278 28.517
5262 2.995 2.919 16.056
5087 4.923 1.392 4.456
3146 3.256 2.782 41.994
4325 4.488 1.61 13.521
6375 2.833 2.188 31.061
6588 4.068 2.579 25.541
4646 3.081 1.22 18.081
3827 4.664 2.423 34.599
5878 3.687 1.752 7.137
5913 5.026 2.48 41.66
3855 3.325 1.839 4.121
4674 4.431 2.511 31.351
6623 2.718 1.184 13.812
6410 4.169 1.542 17.751
4351 3.152 2.15 25.212
3172 4.603 1.448 7.433
5122 3.577 2.87 34.894
5289 4.344 1.319 22.746
3473 2.633 2.992 20.208
4060 5.113 1.664 32.438
6235 3.411 2.023 9.898
6792 4.861 2.631 6.665
4975 3.834 1.053 39.125
3560 3.91 2.351 16.346
5736 2.895 1.959 28.808
5557 3.995 2.906 9.103
3741 2.982 1.297 36.565
4795 4.775 2.124 18.795
6971 3.749 1.703 26.255
6055 5.2 1.093 30.191
4238 3.495 2.733 12.651
3294 4.259 1.936 39.871
5470 2.545 2.264 2.333
5176 4.688 1.8 15.185
3117 3.664 2.379 27.646
4408 4.081 1.206 4.877
6356 3.067 2.597 37.338
6679 4.518 2.237 34.109
4620 2.802 1.565 11.57
3908 4.942 2.768 23.79
5858 3.238 1.408 21.251
5772 4.451 1.631 2.782
3964 2.698 2.053 40.321
4502 5.046 1.35 12.476
6701 3.305 2.96 30.014
6270 4.626 2.32 26.393
4461 3.553 1.991 18.932
3001 4.192 2.664 36.076
5201 3.129 1.023 8.616
5398 5.133 2.541 21.387
3332 3.39 1.151 23.927
4138 4.364 2.448 11.082
6063 2.613 1.87 33.62
6902 3.933 1.48 37.787
4835 2.872 2.839 5.325
3639 4.884 1.512 27.47
5565 3.811 2.183 15.01
5635 4.794 1.237 35.381
3570 3.729 2.565 7.921
4904 4.015 1.768 25.076
6830 2.961 2.409 17.614
6133 4.282 2.801 13.988
4066 2.522 1.378 31.527
3403 5.223 2.207 3.671
5329 3.473 1.597 41.211
5004 4.101 2.092 28.983
3195 3.047 1.733 16.522
4267 4.708 2.936 38.677
6465 3.644 1.264 6.215
6507 4.965 1.906 10.387
4698 3.215 2.296 32.926
3767 4.54 1.125 20.071
5967 2.78 2.702 22.61
5937 4.83 1.927 17.138
3762 3.866 2.256 24.598
4708 3.88 1.083 8.081
6524 2.924 2.724 35.542
6441 4.311 2.114 41.06
4264 2.665 1.692 3.522
3209 5.078 2.895 31.995
5026 3.445 1.285 14.455
5327 4.137 2.775 6.056
3378 3.183 1.416 38.517
4088 4.573 2.244 16.999
6146 3.607 1.572 29.46
6825 4.993 1.212 22.142
4875 3.358 2.602 19.603
3587 4.396 1.805 33.076
5646 2.752 2.383 10.537
5590 4.486 1.439 29.542
3641 2.834 2.861 12.003
4821 4.911 1.532 40.486
6880 3.268 2.142 2.947
6093 4.655 2.501 8.461
4143 3.696 1.172 35.922
3322 4.047 2.469 19.394
5381 3.102 1.828 26.855
5206 5.168 2.357 33.456
3030 3.527 1.967 10.916
4444 4.229 2.638 24.399
6259 2.576 1.06 21.861
6703 3.962 1.669 14.547
4527 3.015 2.028 27.008
3942 4.74 1.325 5.481
5759 3.783 2.996 37.941
5859 3.943 2.211 25.782
3934 2.862 1.602 18.32
4599 4.893 2.805 36.722
6665 3.802 1.384 9.262
6362 5.145 1.775 2.184
4436 3.379 2.415 39.724
3099 4.377 1.244 13.117
5166 2.6 2.572 30.655
5499 4.636 1.113 37.18
3300 3.544 2.692 4.719
4229 4.2 1.895 28.121
6037 3.12 2.286 15.66
6997 4.462 2.927 20.786
4796 2.686 1.255 23.325
3727 5.059 2.084 11.717
5536 3.293 1.724 34.256
5730 4.974 2.668 13.342
3532 3.205 1.028 30.881
4993 4.55 2.324 4.283
6802 2.771 1.997 41.822
6234 4.113 1.357 34.741
4034 3.035 2.966 7.28
3494 4.72 1.638 25.673
5303 3.631 2.06 18.212
5097 4.292 1.5 9.737
3171 2.513 2.173 32.275
4366 5.231 1.469 20.677
6431 3.464 2.829 23.217
6594 4.806 2.439 28.347
4668 3.717 1.861 15.887
3864 4.028 2.533 39.279
5931 2.949 1.142 6.817
5903 4.352 2.621 32.61
3829 2.625 1.198 10.071
4633 5.131 2.402 22.926
6566 3.392 1.792 20.387
6404 4.864 1.432 16.216
4330 3.831 2.76 28.676
3135 3.924 1.588 6.522
5070 2.881 2.229 38.983
5267 5.045 1.71 31.21
3467 3.307 2.101 13.672
4007 4.439 1.305 41.528
6198 2.71 2.882 3.988
6767 4.182 2.272 7.615
4966 3.138 1.913 35.075
3504 4.606 2.741 17.92
5695 3.574 1.069 25.382
5500 4.696 2.016 5.009
3701 3.656 1.687 37.471
4770 4.1 2.984 15.326
6961 3.048 1.343 27.786
6002 4.52 1.952 23.621
4201 2.8 2.374 21.081
3272 4.955 1.045 33.926
5464 3.225 2.655 11.388
5138 4.013 1.16 18.615
3065 2.963 2.519 26.077
4402 4.783 1.816 8.932
6335 3.741 2.487 36.393
6638 5.214 2.846 40.015
4563 3.482 1.456 2.475
3898 4.262 2.127 30.321
5832 2.543 1.549 12.782
5794 5.108 1.272 11.251
3970 3.415 2.912 33.79
4555 4.329 1.741 21.57
6738 2.647 2.069 24.109
6295 3.904 2.71 27.338
4471 2.901 1.101 14.876
3057 4.844 2.304 37.646
5242 3.851 1.883 5.186
5408 4.416 2.432 12.332
3358 2.733 1.76 29.872
4179 5.022 2.589 2.652
6120 3.329 1.229 40.19
6907 4.586 1.62 36.256
4856 3.594 2.199 8.794
3676 4.162 1.402 26.565
5617 3.159 2.793 19.104
5672 4.077 1.847 38.807
3623 3.071 2.455 6.347
4910 4.673 1.127 29.126
6851 3.679 2.549 16.664
6174 4.935 2.16 19.899
4123 3.245 1.519 22.437
3413 4.5 2.816 10.207
5355 2.82 1.488 32.747
5060 4.76 2.952 24.894
3237 3.764 1.373 17.433
4292 3.991 2.046 35.212
6475 2.985 1.654 7.751
6560 4.242 1.015 3.812
4735 2.563 2.687 41.351
3789 5.193 1.984 14.121
5973 3.502 2.343 31.66
5982 5.189 2.909 5.278
3783 3.507 1.268 37.739
4745 4.249 2.064 14.96
6553 2.555 1.737 27.42
6482 3.985 1.098 24.172
4282 2.992 2.706 21.633
3242 4.763 1.879 33.863
5051 3.761 2.3 11.325
5344 4.506 1.764 19.177
3419 2.814 2.436 26.638
4113 4.932 1.233 8.859
6180 3.248 2.592 36.319
6846 4.678 2.203 40.274
4919 3.674 1.625 2.734
3616 4.07 2.797 29.964
5683 3.078 1.405 12.426
5611 4.157 2.459 32.683
3686 3.163 1.85 10.144
4851 4.593 2.553 22.365
6917 3.586 1.132 19.825
6111 5.016 1.523 16.572
4184 3.335 2.163 29.032
3348 4.419 1.492 6.263
5414 2.73 2.82 38.725
5247 4.85 1.369 31.577
3048 3.845 2.948 14.038
4477 3.901 1.651 41.259
6285 2.905 2.042 3.719
6748 4.334 2.683 7.678
4549 2.643 1.011 35.139
3979 5.101 2.34 17.369
5788 3.422 1.98 24.83
5842 4.272 1.203 38.9
3893 2.532 2.625 6.439
4574 5.212 1.796 28.584
6631 3.484 2.406 16.123
6341 4.783 2.765 20.314
4391 3.74 1.436 22.853
3070 4.005 2.233 10.007
5129 2.972 1.592 32.546
5454 4.954 2.097 25.318
3279 3.226 1.707 17.858
4192 4.529 2.878 35.003
6008 2.791 1.3 7.541
6955 4.09 1.909 3.896
4779 3.058 2.268 41.434
3694 4.698 1.065 13.588
5511 3.654 2.736 31.128
5689 4.616 1.683 11.46
3514 3.564 2.011 34.0
4960 4.18 1.339 21.145
6776 3.14 2.98 23.684
6189 4.439 2.37 27.87
4012 2.709 1.947 15.408
3457 5.036 2.651 37.563
5274 3.315 1.041 5.103
5075 3.923 2.523 12.875
3126 2.882 1.164 30.414
4336 4.873 2.492 2.559
6394 3.822 1.82 40.097
6576 5.121 1.46 36.456
4627 3.402 2.85 8.995
3839 4.354 1.554 26.15
5898 2.623 2.131 18.689
5925 4.034 1.606 30.749
3874 2.943 2.215 13.209
4662 4.802 1.387 39.807
6603 3.721 2.809 2.268
6422 5.236 2.419 9.324
4371 3.459 1.779 36.786
3161 4.285 2.575 18.394
5103 2.52 1.248 25.854
5308 4.716 2.688 34.33
3485 3.636 1.11 11.791
4040 4.121 2.282 23.388
6224 3.028 1.891 20.85
6812 4.544 1.251 15.743
4987 2.777 2.924 28.204
3541 4.978 1.72 4.812
5725 3.202 2.08 37.273
5545 5.065 1.024 18.148
3722 3.287 2.664 25.609
4807 4.459 1.993 7.207
6990 2.689 2.321 34.668
6043 4.205 2.962 41.73
4218 3.115 1.353 4.191
3305 4.629 2.056 30.798
5489 3.551 1.635 13.259
5156 4.372 2.176 6.735
3106 2.604 1.504 39.195
4427 5.152 2.833 15.793
6368 3.372 1.473 28.255
6659 4.887 1.864 23.143
4608 3.808 2.443 20.604
3927 3.946 1.146 32.212
5870 2.858 2.537 9.672
5753 4.739 2.252 14.373
3952 3.784 1.923 31.911
4522 3.971 2.72 3.428
6713 3.006 1.079 40.968
6250 4.219 1.688 35.468
4449 2.586 2.11 8.008
3020 5.17 1.281 24.535
5212 3.525 2.891 17.073
5386 4.057 1.42 10.474
3313 3.091 2.779 33.012
4149 4.653 1.576 19.53
6083 3.699 2.247 22.069
6890 4.912 2.606 29.368
4815 3.268 1.216 16.907
3650 4.478 2.387 38.434
5584 2.843 1.809 5.973
5655 4.395 2.865 26.929
3582 2.753 1.443 19.468
4885 5.002 2.146 35.985
6818 3.35 1.536 8.524
6153 4.563 1.176 3.029
4078 3.617 2.505 40.569
3384 4.139 1.832 12.096
5318 3.181 2.473 29.635
5015 5.089 1.963 38.035
3215 3.435 2.353 5.573
4255 4.309 1.056 27.091
6446 2.667 2.634 14.631
6519 3.881 2.024 21.923
4718 2.924 1.665 24.463
3755 4.821 2.992 10.99
5948 3.874 1.321 33.528
5957 4.53 2.05 8.689
3774 2.79 1.627 36.15
4689 4.967 2.956 18.995
6512 3.213 1.346 26.456
6460 4.707 1.988 30.098
4276 3.644 2.316 12.558
3189 4.11 1.019 40.414
5014 3.038 2.66 2.875
5338 5.224 1.155 15.102
3398 3.472 2.545 27.564
4076 4.273 1.874 5.409
6127 2.531 2.451 37.869
6836 4.025 2.843 33.684
4894 2.951 1.484 11.145
3575 4.793 2.187 24.0
5626 3.731 1.515 21.461
5570 4.874 2.569 41.127
3629 3.821 1.24 3.589
4841 3.935 2.413 31.435
6892 2.87 1.772 13.895
6073 4.364 1.382 17.542
4132 2.613 2.804 25.002
3342 5.141 1.601 7.857
5393 3.382 2.211 35.319
5194 4.192 1.729 22.546
3011 3.128 2.088 20.007
4455 4.617 1.261 32.853
6279 3.562 2.932 10.313
6691 5.056 2.292 6.123
4508 3.295 1.902 38.584
3954 4.449 2.699 16.439
5779 2.7 1.121 28.9
5847 4.946 1.844 34.83
3914 3.234 2.484 7.369
4611 4.51 1.187 25.139
6684 2.81 2.515 17.678
6351 4.087 2.155 13.72
4417 3.061 1.546 31.258
3111 4.684 2.873 4.038
5186 3.668 1.452 41.577
5479 4.253 2.988 28.724
3289 2.551 1.316 16.264
4248 5.204 2.019 39.033
6049 3.492 1.659 6.572
6977 4.77 1.049 9.826
4785 3.754 2.628 32.364
3747 4.002 1.955 20.143
5548 2.974 2.346 22.683
5742 3.915 1.293 2.425
3551 2.89 2.901 39.965
4981 4.854 1.699 12.735
6782 3.841 2.12 30.273
6245 5.119 2.729 26.32
4053 3.404 1.088 18.858
3482 4.341 2.26 36.638
5283 2.636 1.933 9.177
5116 4.597 2.382 21.324
3183 3.583 1.804 23.864
4346 4.172 2.601 11.633
6420 3.148 1.21 34.172
6613 4.426 1.568 37.421
4680 2.723 2.241 4.959
3844 5.033 1.413 27.739
5919 3.318 2.772 15.278
5884 4.665 1.496 23.529
3817 3.687 2.825 20.989
4653 4.059 1.528 34.462
6578 3.09 2.169 11.924
6385 4.498 2.56 4.63
4318 2.823 1.138 37.091
3155 4.921 2.466 15.574
5081 3.258 1.856 28.034
5255 3.972 2.329 39.635
3448 3.005 1.97 2.096
4019 4.751 2.672 30.568
6218 3.772 1.001 13.03
6755 5.18 1.643 18.524
4946 3.515 2.033 25.985
3516 4.239 1.361 9.468
5715 2.566 2.939 36.929
5520 4.321 1.883 15.973
3712 2.655 2.305 28.434
4750 5.09 1.102 6.906
6949 3.434 2.712 39.368
6022 4.842 2.072 32.069
4213 3.854 1.743 9.53
3253 3.89 2.916 23.013
5452 2.914 1.275 20.473
5150 5.003 2.785 7.074
3084 3.349 1.395 34.534
4390 4.408 2.192 18.007
6315 2.74 1.614 25.469
6650 4.149 1.224 30.967
4583 3.171 2.583 13.429
3886 4.583 1.756 41.912
5813 3.597 2.427 4.372
5806 4.125 2.642 19.673
3989 3.024 1.033 22.211
4543 4.731 2.36 10.604
6718 3.621 1.939 33.144
6307 4.984 1.329 38.254
4490 3.195 2.969 5.794
3046 4.561 1.673 29.196
5222 2.76 2.0 16.734
5427 4.817 1.56 3.259
3369 3.706 2.138 40.798
4159 4.038 1.466 14.191
6108 2.939 2.857 31.73
6927 4.303 2.497 24.668
4868 2.502 1.825 17.207
3656 5.243 2.528 35.609
5606 3.452 1.168 8.148
5661 5.156 2.224 27.273
3603 3.368 1.584 14.812
4922 4.387 2.755 38.204
6871 2.589 1.428 5.743
6162 3.953 1.786 10.849
4103 2.851 2.395 33.389
3425 4.905 1.192 21.791
5374 3.791 2.614 24.33
5041 4.473 1.072 35.855
3225 2.675 2.744 8.393
4312 5.069 1.915 26.785
6487 3.283 2.275 19.325
6540 4.646 2.883 12.268
4723 3.534 1.305 29.808
3808 4.211 2.102 3.209
5985 3.109 1.711 40.748
5988 4.642 2.166 36.843
3805 3.537 1.526 9.303
4720 4.218 2.822 25.899
6544 3.103 1.495 18.361
6492 4.466 1.855 13.232
4307 2.682 2.464 30.694
3221 5.073 1.136 2.299
5045 3.278 2.558 39.759
5370 3.961 1.006 28.237
3429 2.844 2.679 15.698
4108 4.9 1.975 37.293
6158 3.795 2.335 4.755
6867 5.159 2.945 11.838
4926 3.364 1.367 34.299
3606 4.381 2.039 20.905
5658 2.596 1.647 23.365
5601 4.299 2.717 4.243
3660 2.506 1.108 41.704
4872 5.249 2.311 13.299
6923 3.446 1.89 30.761
6105 4.81 1.281 25.637
4163 3.714 2.921 18.098
3373 4.042 1.75 34.703
5424 2.934 2.078 7.164
5225 4.992 1.611 20.642
3042 3.188 2.19 23.103
4486 4.556 1.393 9.698
6310 2.764 2.784 32.16
6723 4.128 2.425 39.238
4539 3.02 1.753 6.7
3985 4.725 2.582 28.305
5810 3.627 1.222 15.765
5816 4.152 1.945 7.966
3883 3.169 2.367 35.504
4579 4.577 1.038 17.023
6653 3.602 2.648 24.563
6320 5.011 2.007 31.873
4385 3.341 1.678 14.413
3080 4.403 2.975 40.943
5154 2.746 1.334 3.481
5448 4.834 2.855 16.879
3257 3.861 1.465 29.417
4217 3.895 2.136 5.937
6017 2.91 1.558 38.477
6945 4.318 1.167 32.96
4754 2.659 2.526 10.499
3715 5.096 1.823 22.029
5517 3.427 2.494 19.568
5711 5.183 1.425 40.521
3520 3.512 2.754 3.06
4950 4.233 1.581 29.58
6751 2.571 2.223 12.119
6214 3.979 2.612 19.434
4022 2.997 1.189 26.974
3451 4.747 2.393 8.504
5252 3.777 1.784 36.042
5085 4.49 2.28 24.44
3152 2.83 1.922 21.978
4314 4.926 2.75 33.498
6389 3.254 1.078 11.038
6582 4.662 1.717 5.516
4648 3.69 2.108 38.056
3813 4.064 1.311 14.585
5888 3.084 2.889 27.123
5915 4.433 1.348 21.683
3849 2.715 2.957 24.144
4684 5.029 1.63 11.367
6609 3.323 2.051 33.828
6416 4.601 2.661 37.765
4349 3.579 1.021 5.226
3186 4.166 2.318 27.458
5112 3.154 1.99 14.919
5287 5.115 2.446 2.769
3479 3.408 1.867 40.231
4050 4.347 2.54 12.454
6249 2.63 1.149 29.914
6786 3.908 1.509 26.679
4977 2.897 2.181 19.139
3547 4.859 1.478 36.371
5746 3.837 2.838 8.833
5552 4.777 1.766 29.088
3743 3.746 2.406 16.549
4782 3.998 1.235 38.772
6980 2.979 2.563 6.232
6053 4.257 2.204 10.165
4244 2.548 1.595 32.625
3284 5.197 2.798 19.858
5484 3.498 1.377 22.32
5181 4.084 2.934 35.169
3115 3.065 1.262 7.631
4421 4.69 2.091 24.854
6347 3.661 1.731 17.314
6681 4.939 1.122 14.083
4614 3.241 2.701 31.544
3918 4.515 1.904 3.776
5844 2.805 2.295 41.238
5774 5.049 2.51 22.807
3958 3.303 1.181 20.347
4512 4.453 2.478 32.489
6687 2.695 1.837 10.028
6276 4.189 1.446 6.409
4459 3.131 2.868 38.948
3015 4.623 1.539 16.1
5191 3.557 2.149 28.639
5396 4.367 1.662 41.413
3338 2.61 2.021 3.953
4128 5.136 1.318 31.095
6077 3.388 2.989 13.633
6896 4.882 2.348 17.803
4837 3.814 1.958 25.341
3625 3.93 2.629 7.493
5575 2.874 1.051 35.033
5630 4.018 2.123 15.368
3571 2.959 1.7 27.908
4891 4.797 2.904 5.05
6839 3.726 1.294 37.589
6131 5.22 1.934 33.965
4072 3.475 2.262 11.503
3393 4.28 1.09 23.655
5343 2.525 2.731 21.195
5009 4.71 1.205 8.97
3194 3.641 2.595 36.509
4280 4.105 1.799 18.651
6456 3.044 2.376 26.19
6509 4.538 2.766 30.364
4692 2.782 1.407 12.902
3777 4.961 2.235 40.055
5953 3.218 1.563 2.594
5951 3.877 2.808 37.124
3752 2.928 1.385 4.584
4714 4.827 2.213 28.055
6522 3.868 1.604 15.517
6451 5.081 1.245 21.037
4251 3.442 2.574 23.499
3211 4.314 1.776 11.979
5020 2.663 2.418 34.439
5313 4.57 1.897 26.043
3388 3.609 2.288 18.503
4082 4.135 1.116 36.974
6148 3.186 2.693 9.435
6815 4.399 2.085 2.119
4888 2.749 1.726 39.58
3585 4.996 2.929 13.06
5652 3.356 1.257 30.521
5580 4.909 2.327 9.568
3654 3.271 1.998 32.028
4820 4.483 2.671 20.499
6885 2.837 1.03 22.96
6079 4.05 1.64 28.476
4153 3.098 2.062 15.938
3316 4.658 1.359 39.418
5383 3.694 2.969 6.878
5215 4.226 1.471 13.482
3017 2.578 2.83 30.942
4446 5.166 1.503 4.412
6254 3.53 2.174 41.874
6717 4.743 2.534 34.562
4517 3.781 1.144 7.024
3948 3.964 2.441 25.505
5757 3.012 1.863 17.965
5873 4.89 1.086 5.766
3924 3.805 2.726 38.304
4605 3.941 1.929 16.699
6663 2.864 2.257 29.239
6372 4.38 2.897 22.159
4422 2.597 1.288 19.699
3102 5.147 2.115 33.104
5160 3.376 1.694 10.642
5485 4.198 2.246 17.164
3310 3.123 1.574 24.703
4223 4.633 2.777 8.098
6039 3.546 1.417 35.637
6986 5.062 1.807 40.76
4810 3.29 2.386 3.3
3725 4.465 1.213 31.704
5542 2.684 2.604 14.243
5721 4.547 1.535 33.366
3545 2.773 2.144 10.904
4992 4.972 1.441 24.299
6807 3.208 2.863 21.838
6220 4.723 2.471 14.754
4044 3.628 1.831 27.294
3488 4.115 2.502 5.698
5305 3.033 1.175 38.237
5106 5.229 2.64 29.76
3158 3.467 1.062 12.298
4367 4.29 2.359 40.693
6426 2.515 1.968 3.233
6608 4.03 1.326 8.36
4658 2.946 2.999 35.9
3870 4.809 1.67 19.304
5929 3.715 2.03 26.843
5893 5.129 1.739 12.594
3843 3.395 2.067 30.055
4631 4.349 1.27 2.903
6572 2.627 2.911 40.363
6391 3.926 2.303 36.19
4340 2.878 1.88 8.651
3130 4.867 2.709 26.509
5071 3.829 1.099 18.97
5277 4.436 2.586 11.194
3453 2.712 1.227 33.656
4009 5.042 2.43 21.504
6192 3.31 1.758 23.964
6780 4.609 1.4 27.59
4956 3.571 2.79 15.05
3509 4.185 1.619 37.907
5694 3.135 2.197 5.369
5514 4.098 1.125 25.032
3691 3.051 2.548 17.494
4776 4.693 1.844 35.342
6959 3.658 2.454 7.802
6012 4.958 2.814 3.634
4187 3.222 1.485 41.094
3274 4.523 2.158 13.952
5458 2.797 1.517 31.414
5125 4.779 2.043 38.638
3075 3.744 1.653 6.1
4396 4.011 2.95 28.948
6337 2.966 1.372 16.409
6628 4.265 1.982 20.028
4577 2.54 2.341 22.489
3896 5.216 1.013 10.346
5838 3.479 2.685 32.808
5784 4.326 2.4 31.237
3984 2.65 1.791 13.777
4553 5.106 2.618 41.544
6744 3.417 1.197 4.083
6282 4.847 1.587 7.315
4480 3.848 2.227 34.853
3052 3.906 1.43 17.63
5243 2.898 2.758 25.17
5418 5.019 1.302 32.319
3344 3.332 2.881 9.859
4181 4.413 1.708 22.626
6114 2.735 2.099 20.164
6921 4.165 2.739 16.233
4847 3.155 1.067 28.771
3681 4.588 2.27 6.549
5616 3.592 1.91 39.089
5686 4.67 2.981 18.832
3613 3.681 1.341 26.372
4916 4.075 2.013 9.14
6849 3.074 1.685 36.678
6184 4.503 1.044 39.915
4109 2.817 2.653 2.453
3415 4.937 1.95 30.23
5349 3.242 2.371 12.77
5046 3.988 1.814 4.919
3247 2.989 2.486 37.459
4286 4.757 1.158 15.226
6477 3.766 2.518 27.765
6550 5.196 2.126 23.828
4749 3.499 1.547 21.367
3787 4.245 2.845 34.144
5979 2.56 1.454 11.684
5968 4.247 1.794 25.253
3793 2.558 2.403 17.714
4739 5.186 1.201 34.946
6555 3.509 2.622 7.407
6472 4.766 2.231 4.156
4296 3.758 1.591 41.617
3240 3.987 2.762 13.84
5057 2.989 1.434 31.301
5358 4.929 2.877 39.151
3409 3.251 1.298 6.613
4120 4.504 2.095 28.846
6177 2.817 1.704 16.306
6856 4.073 1.063 20.258
4906 3.076 2.735 22.718
3618 4.68 1.907 9.941
5677 3.671 2.267 32.403
5621 4.59 1.338 12.696
3672 3.59 2.978 30.158
4853 4.155 1.681 2.39
6911 3.165 2.009 39.85
6124 4.422 2.649 36.596
4175 2.726 1.04 9.056
3353 5.019 2.367 26.279
5412 3.333 1.946 18.741
5237 3.897 2.49 11.59
3062 2.907 1.818 34.052
4475 4.848 2.521 21.284
6291 3.848 1.161 23.745
6735 5.104 1.551 27.702
4558 3.42 2.13 15.162
3974 4.336 1.457 37.385
5790 2.64 2.848 4.846
5828 5.208 2.063 18.877
3903 3.487 1.735 26.416
4568 4.27 2.907 8.568
6634 2.535 1.266 36.107
6331 4.008 1.876 40.3
4405 2.969 2.299 2.839
3068 4.785 1.095 29.981
5135 3.738 2.705 12.521
5468 4.527 1.231 5.295
3269 2.794 2.59 37.835
4198 4.951 1.763 14.987
6005 3.228 2.434 27.525
6965 4.7 2.794 23.882
4765 3.651 1.404 21.42
3696 4.093 2.2 33.563
5505 3.056 1.623 11.103
5699 4.177 2.552 31.476
3500 3.143 1.129 14.016
4962 4.613 2.458 41.169
6770 3.566 1.848 3.707
6202 5.039 1.49 7.896
4003 3.313 2.818 35.434
3463 4.442 1.521 17.576
5272 2.706 2.162 25.116
5065 4.87 1.649 32.89
3140 3.825 2.039 10.43
4334 3.92 1.368 22.582
6400 2.884 2.945 20.121
6563 4.357 2.337 16.482
4636 2.62 1.978 29.021
3833 5.124 2.681 6.163
5899 3.4 1.009 38.702
5934 4.8 2.722 10.725
3861 3.724 1.082 33.185
4664 4.031 2.253 19.791
6598 2.945 1.926 22.253
6436 4.287 1.284 29.311
4361 2.517 2.893 16.773
3167 5.239 1.69 38.368
5101 3.457 2.112 5.828
5299 4.117 1.577 14.307
3498 3.031 2.25 31.767
4038 4.714 1.421 3.372
6229 3.638 2.781 40.834
6798 4.981 2.389 35.73
4997 3.199 1.811 8.191
3535 4.546 2.608 24.787
5727 2.774 1.217 17.247
5532 4.456 2.148 38.164
3732 2.693 1.539 5.625
4801 5.062 2.866 27.23
6992 3.289 1.445 14.691
6033 4.631 1.835 21.755
4232 3.548 2.475 24.216
3303 4.208 1.178 10.812
5496 3.113 2.506 33.272
5169 5.149 1.058 26.751
3096 3.374 2.637 19.211
4433 4.37 1.964 35.816
6366 2.607 2.355 8.278
6669 3.949 2.995 3.168
4594 2.856 1.323 40.63
3929 4.889 2.026 12.226
5863 3.806 1.666 29.686
5762 3.968 1.389 34.347
3939 3.008 2.811 11.885
4523 4.737 1.608 23.415
6707 3.787 2.218 20.955
6264 5.173 2.578 15.452
4439 3.522 1.249 27.992
3026 4.222 2.422 4.512
5210 2.583 1.781 37.05
5377 4.65 2.283 30.448
3326 3.702 1.893 12.987
4148 4.055 2.69 39.516
6089 3.094 1.112 2.056
6876 4.48 1.722 9.352
4825 2.84 2.081 36.891
3644 4.915 1.254 18.411
5586 3.265 2.925 25.949
5641 4.999 1.995 6.942
3591 3.352 2.323 39.481
4879 4.393 1.025 16.01
6820 2.756 2.667 28.55
6143 4.142 2.059 23.053
4092 3.179 1.636 20.592
3381 4.565 2.964 32.112
5324 3.614 1.355 9.651
5029 4.306 2.834 18.048
3205 2.671 1.476 25.586
4261 5.086 2.178 7.116
6444 3.437 1.506 34.656
6529 4.824 1.148 41.947
4704 3.871 2.539 4.487
3758 3.883 1.867 31.006
5942 2.922 2.444 13.544
5962 4.969 1.185 28.702
3772 3.211 2.513 16.163
4702 4.534 1.841 39.021
6503 2.787 2.482 6.482
6462 4.108 2.872 10.121
4270 3.041 1.449 32.581
3199 4.704 2.153 20.43
5000 3.647 1.543 22.891
5333 4.276 2.017 35.115
3400 2.529 1.658 7.577
4063 5.226 2.986 25.435
6136 3.469 1.314 17.895
6834 4.79 1.954 13.708
4900 3.733 2.344 31.168
3565 4.022 1.048 4.015
5640 2.955 2.625 41.477
5568 3.938 1.697 21.102
3635 2.867 2.119 23.564
4831 4.877 1.29 11.421
6905 3.818 2.9 33.881
6067 5.139 2.259 37.526
4134 3.385 1.93 4.986
3328 4.361 2.727 27.834
5403 2.616 1.086 15.296
5196 4.62 2.599 2.52
3005 3.56 1.209 39.982
4465 4.195 2.38 12.839
6266 3.125 1.802 30.3
6698 4.446 1.411 26.107
4506 2.702 2.77 18.568
3968 5.054 1.567 36.416
5769 3.298 2.238 8.877
5853 4.513 2.953 14.846
3913 2.807 1.344 27.385
4624 4.949 2.047 5.163
6675 3.231 1.626 37.701
6353 4.682 1.017 33.745
4411 3.67 2.657 11.284
3121 4.085 1.986 24.051
5172 3.064 2.314 21.591
5473 5.206 1.871 8.74
3290 3.489 2.45 36.28
4235 4.256 1.153 19.057
6058 2.549 2.544 26.595
6975 4.0 2.185 29.851
4791 2.977 1.513 12.39
3737 4.767 2.842 40.157
5562 3.756 1.482 2.697
5740 4.857 2.41 22.402
3557 3.839 1.77 19.942
4972 3.918 2.567 32.719
6796 2.887 1.239 10.257
6239 4.338 1.599 6.307
4056 2.638 2.208 38.845
3468 5.116 1.381 16.612
5293 3.408 2.802 29.152
5118 4.174 1.258 41.301
3177 3.145 2.93 3.84
4356 4.6 1.727 31.617
6406 3.58 2.087 14.156
6619 5.031 2.697 17.407
4677 3.321 1.119 24.946
3858 4.423 2.291 7.713
5909 2.725 1.9 35.253
5881 4.061 2.363 3.545
3824 3.087 1.941 41.005
4643 4.668 2.644 14.486
6592 3.684 1.035 31.947
6379 4.919 1.674 24.655
4320 3.261 2.002 17.117
3141 4.495 1.33 35.587
5091 2.825 2.972 8.047
5258 4.754 1.468 19.651
3441 3.77 2.859 22.112
4029 3.975 1.562 10.592
6204 3.002 2.14 33.053
6761 4.236 2.529 38.549
4944 2.568 1.171 6.011
3529 5.177 2.498 29.481
5705 3.518 1.827 16.942
5526 5.092 2.758 35.95
3710 3.431 1.429 8.41
4764 4.324 2.226 26.891
6939 2.653 1.585 19.352
6024 3.888 1.194 12.055
4207 2.917 2.616 29.517
3262 4.838 1.787 2.987
5439 3.857 2.397 40.448
5144 4.411 1.918 27.051
3086 2.738 2.277 14.511
4376 5.006 1.074 37.991
6325 3.345 2.745 5.453
6648 4.58 2.104 10.954
4588 3.599 1.714 33.416
3877 4.146 2.885 21.886
5826 3.175 1.307 24.346
5803 4.733 1.53 39.687
3995 3.618 2.17 2.225
4533 4.127 1.499 30.629
6732 3.021 2.827 13.169
6301 4.558 2.468 18.277
4492 2.762 1.859 25.817
3032 4.982 2.562 9.212
5232 3.198 1.141 36.75
5430 4.04 2.674 23.273
3363 2.936 1.002 20.811
4169 4.82 2.331 34.216
6094 3.704 1.971 11.756
6933 5.24 1.362 4.691
4866 3.455 2.941 37.23
3670 4.299 1.644 15.625
5596 2.505 2.035 28.164
5667 4.39 1.104 7.247
3601 2.587 2.713 34.786
4936 5.158 1.885 18.191
6861 3.365 2.307 25.73
6164 4.902 2.917 30.833
4097 3.793 1.277 13.373
3434 3.951 2.073 41.768
5361 2.854 1.746 4.306
5035 5.072 2.194 15.829
3227 3.28 1.616 28.367
4298 4.476 2.788 6.772
6497 2.672 1.397 39.312
6538 4.209 1.757 32.252
4729 3.111 2.43 9.792
3799 4.643 1.226 23.186
5998 3.536 2.585 20.724
5999 4.384 2.27 38.736
3799 2.593 1.911 6.276
4728 5.164 2.739 29.046
6537 3.359 1.067 16.584
6496 4.896 1.709 19.814
4297 3.799 2.099 22.352
3228 3.956 1.303 10.131
5036 2.849 2.88 32.671
5359 5.077 1.43 24.818
3434 3.274 2.758 17.357
4098 4.471 1.586 35.127
6165 2.678 2.227 7.666
6862 4.215 2.619 3.732
4937 3.106 1.197 41.27
3600 4.638 2.4 14.05
5666 3.542 1.79 31.589
5597 4.728 2.844 11.331
3671 3.624 1.454 33.871
4865 4.132 2.125 21.641
6932 3.016 1.548 24.179
6094 4.553 1.158 27.413
4168 2.767 2.517 14.952
3365 4.987 1.814 37.732
5430 3.193 2.485 5.271
5231 4.046 1.95 12.418
3031 2.931 2.372 29.958
4493 4.815 1.043 2.727
6302 3.709 2.653 40.265
6733 5.246 2.013 36.327
4535 3.45 1.685 8.865
3994 4.294 2.982 26.645
5803 2.51 1.341 19.185
5827 5.098 1.618 5.095
3878 3.425 2.197 37.557
4588 4.319 1.4 15.402
6647 2.658 2.791 27.862
6324 3.893 2.43 23.692
4375 2.912 1.758 21.152
3087 4.833 2.587 34.007
5145 3.862 1.227 11.469
5438 4.405 2.708 18.696
3262 2.744 1.099 26.157
4208 5.011 2.302 9.003
6025 3.34 1.881 36.463
6940 4.575 1.27 40.09
4765 3.604 2.91 2.551
3709 4.151 1.739 30.406
5525 3.169 2.067 12.867
5706 4.066 1.013 32.534
3530 3.082 2.685 9.995
4943 4.662 1.981 22.841
6760 3.69 2.341 20.301
6203 4.924 2.95 16.135
4028 3.256 1.371 28.596
3443 4.489 2.044 6.451
5258 2.831 1.653 38.912
5090 4.749 2.158 31.139
3140 3.775 1.517 13.601
4321 3.98 2.814 41.447
6380 2.996 1.486 3.907
6592 4.231 1.845 7.53
4644 2.573 2.454 34.99
3822 5.183 1.126 17.845
5881 3.513 2.547 25.307
5909 4.862 1.213 13.267
3857 3.833 2.604 30.806
4679 3.912 1.808 4.198
6620 2.892 2.385 41.737
6407 4.343 2.776 34.66
4357 2.633 1.418 7.2
3176 5.111 2.246 25.602
5117 3.413 1.574 18.141
5294 4.169 2.116 9.666
3469 3.151 1.693 32.204
4054 4.605 2.897 20.596
6239 3.575 1.288 23.136
6795 5.026 1.929 28.261
4971 3.326 2.257 15.801
3558 4.428 1.085 39.203
5741 2.72 2.726 6.741
5561 4.519 1.671 25.867
3736 2.802 2.03 18.405
4792 4.943 1.327 36.797
6976 3.236 2.998 9.337
6060 4.687 2.359 2.255
4235 3.664 1.969 39.795
3289 4.079 2.64 13.197
5472 3.069 1.062 30.736
5173 5.2 2.503 37.261
3122 3.495 1.174 4.799
4410 4.262 2.471 28.192
6352 2.543 1.83 15.731
6674 3.994 1.441 20.862
4623 2.983 2.863 23.401
3913 4.772 1.534 11.803
5854 3.751 2.144 34.342
5768 3.932 2.929 29.623
3966 2.872 1.257 12.083
4507 4.883 2.086 40.556
6698 3.813 1.726 3.018
6266 5.134 1.115 8.536
4466 3.39 2.694 35.997
3004 4.366 1.897 19.48
5195 2.61 2.288 26.941
5404 4.625 1.777 33.542
3329 3.555 2.417 11.002
4132 4.189 1.246 24.474
6067 3.131 2.574 21.936
6904 4.451 2.213 14.617
4830 2.697 1.604 27.079
3636 5.048 2.807 5.562
5569 3.304 1.386 38.022
5639 4.963 2.441 17.067
3564 3.216 1.863 24.527
4901 4.539 2.535 8.0
6835 2.782 1.144 35.462
6138 4.103 1.502 40.975
4063 3.046 2.175 3.437
3399 4.71 1.471 31.919
5332 3.642 2.831 14.379
5001 4.282 1.359 5.98
3200 2.523 2.968 38.441
4269 5.221 1.64 16.914
6461 3.474 2.062 29.375
6502 4.795 2.67 22.061
4701 3.728 1.03 19.523
3773 4.017 2.326 33.005
5964 2.96 1.999 10.466
5943 4.994 2.63 35.306
3758 3.358 1.051 7.846
4703 4.399 2.348 24.991
6527 2.75 1.957 17.529
6443 4.137 1.318 13.908
4260 3.184 2.99 31.446
3206 4.571 1.661 3.6
5030 3.609 2.021 41.14
5322 4.312 1.54 28.912
3381 2.665 2.149 16.452
4092 5.08 1.446 38.596
6144 3.443 2.867 6.135
6821 4.829 2.478 10.301
4880 3.866 1.838 32.84
3590 3.878 2.509 19.995
5640 2.927 1.181 22.534
5587 3.962 2.235 2.867
3645 3.014 1.563 40.406
4824 4.742 2.766 12.551
6875 3.781 1.406 30.09
6088 5.168 1.798 26.464
4147 3.528 2.377 19.002
3328 4.227 1.204 36.157
5377 2.577 2.595 8.696
5209 4.656 1.091 21.468
3025 3.696 2.731 24.008
4440 4.049 1.934 11.153
6265 3.099 2.262 33.691
6708 4.485 2.904 37.863
4525 2.834 1.295 5.401
3938 4.909 2.122 27.556
5762 3.271 1.701 15.096
5865 4.461 1.478 9.184
3930 2.687 2.837 36.646
4594 5.057 1.51 18.866
6668 3.294 2.181 26.326
6365 4.637 2.539 30.266
4432 3.543 1.149 12.726
3097 4.202 2.446 39.957
5171 3.118 1.868 2.419
5494 5.143 2.318 15.271
3303 3.38 1.989 27.732
4233 4.375 2.662 4.953
6034 2.602 1.021 37.413
6993 3.944 1.629 34.18
4802 2.861 2.051 11.641
3731 4.895 1.348 23.87
5531 3.8 2.958 21.332
5728 4.805 1.904 41.589
3536 3.719 2.294 4.05
4996 4.026 1.123 31.271
6797 2.951 2.7 13.731
6228 4.293 2.09 17.666
4037 2.511 1.731 25.127
3499 5.234 2.934 7.357
5299 3.462 1.262 34.818
5100 4.112 2.799 22.67
3166 3.036 1.376 20.132
4362 4.719 2.205 32.353
6437 3.633 1.595 9.813
6598 4.975 1.235 6.585
4665 3.205 2.563 39.045
3860 4.551 1.766 16.275
5933 2.769 2.407 28.737
5899 4.183 1.822 20.466
3832 3.137 2.495 23.005
4638 4.608 1.166 9.522
6564 3.572 2.526 32.062
6401 5.044 2.136 39.375
4335 3.307 1.558 6.914
3139 4.436 2.855 28.441
5064 2.712 1.464 15.98
5272 4.865 2.975 4.38
3464 3.831 1.335 41.918
4002 3.926 2.006 13.436
6202 2.879 1.679 30.976
6769 4.351 1.039 25.461
4961 2.625 2.648 18.001
3501 5.13 1.945 34.528
5700 3.394 2.367 7.066
5504 5.214 1.311 28.023
3695 3.481 2.89 15.561
4766 4.264 1.717 37.078
6966 2.541 2.108 4.618
6007 4.013 2.75 11.935
4198 2.964 1.078 34.475
3268 4.78 2.281 21.003
5466 3.743 1.921 23.541
5136 4.521 2.393 36.941
3069 2.799 1.784 9.48
4404 4.957 2.611 25.997
6330 3.222 1.19 18.536
6632 4.695 1.582 13.017
4567 3.656 2.222 30.557
3903 4.098 1.425 2.084
5829 3.051 2.753 39.623
5789 4.585 2.038 24.342
3972 3.595 1.648 21.803
4559 4.16 2.945 33.401
6735 3.16 1.367 10.862
6292 4.416 1.975 5.731
4476 2.732 2.334 38.192
3061 5.024 1.007 14.8
5236 3.328 2.678 27.26
5413 3.903 1.136 40.736
3354 2.902 2.558 3.196
4173 4.842 1.855 29.794
6123 3.853 2.465 12.256
6910 5.11 2.823 19.337
4852 3.414 1.494 26.798
3673 4.331 2.167 8.406
5622 2.645 1.526 35.866
5676 4.241 2.581 16.742
3617 2.564 1.223 29.202
4907 5.191 2.425 5.8
6857 3.504 1.753 38.262
6179 4.76 1.393 33.136
4120 3.763 2.784 10.597
3409 3.993 1.612 22.205
5357 2.984 2.189 19.665
5058 4.934 1.749 8.141
3241 3.246 2.078 35.602
4295 4.499 1.28 17.199
6471 2.822 2.922 24.661
6554 4.078 2.311 31.737
4739 3.07 1.889 14.198
3794 4.675 2.717 40.806
5970 3.677 1.108 3.266
5980 4.675 1.644 27.188
3788 3.676 2.035 14.726
4748 4.07 1.363 38.128
6549 3.079 2.941 5.668
6476 4.509 2.33 10.778
4285 2.812 1.972 33.318
3247 4.932 2.674 21.71
5048 3.247 1.002 24.249
5348 3.983 2.562 35.774
3414 2.994 1.14 8.312
4110 4.762 2.468 26.715
6185 3.761 1.859 19.255
6851 5.191 1.498 12.192
4917 3.504 2.827 29.732
3612 4.25 1.529 3.124
5685 2.555 2.171 40.662
5616 4.332 1.226 19.749
3682 2.645 2.585 22.287
4845 5.101 1.758 10.689
6920 3.423 2.429 33.229
6113 4.852 2.787 38.334
4180 3.843 1.397 5.874
3345 3.901 2.194 29.267
5418 2.904 1.616 16.805
5243 5.014 2.074 3.33
3050 3.338 1.745 40.869
4481 4.418 2.918 14.271
6282 2.73 1.277 31.81
6745 4.159 1.885 24.753
4554 3.161 2.307 17.293
3983 4.594 1.104 35.685
5783 3.586 2.714 8.223
5839 4.092 2.499 16.044
3897 3.056 1.827 28.504
4576 4.698 2.53 6.987
6627 3.653 1.17 39.448
6336 4.952 1.562 32.154
4395 3.227 2.141 9.616
3075 4.529 1.468 23.088
5126 2.792 2.859 20.549
5457 4.785 1.331 7.15
3273 3.738 2.971 34.61
4188 4.006 1.674 18.093
6013 2.971 2.002 25.554
6960 4.27 2.644 31.048
4776 2.535 1.035 13.51
3690 5.21 2.362 41.983
5513 3.485 1.941 4.443
5695 5.124 2.885 23.449
3511 3.4 1.307 20.909
4955 4.355 2.104 34.392
6780 2.622 1.713 11.853
6191 3.921 1.073 4.554
4008 2.884 2.746 37.016
3455 4.872 1.917 15.489
5278 3.823 2.277 27.949
5071 4.441 1.788 39.55
3128 2.707 2.397 2.01
4341 5.037 1.194 30.493
6392 3.315 2.616 12.954
6573 4.614 2.226 18.453
4632 3.566 1.585 25.914
3842 4.179 2.757 9.387
5892 3.141 1.43 36.848
5928 4.541 2.841 2.344
3869 2.779 1.482 39.884
4659 4.977 2.185 12.664
6609 3.203 1.513 30.202
6426 4.718 1.153 26.244
4369 3.634 2.543 18.783
3156 4.121 1.872 36.552
5105 3.027 2.449 9.092
5306 5.234 1.986 21.239
3489 3.461 2.314 23.778
4043 4.284 1.017 11.558
6219 2.52 2.658 34.096
6807 4.036 2.048 37.35
4990 2.941 1.625 4.889
3546 4.803 2.954 27.658
5721 3.72 1.344 15.198
5541 4.885 2.29 34.901
3724 3.81 1.9 7.44
4811 3.946 2.697 25.22
6988 2.859 1.119 17.759
6040 4.374 1.727 13.805
4224 2.602 2.086 31.344
3309 5.152 1.259 4.113
5484 3.371 2.93 41.653
5161 4.203 1.38 28.8
3102 3.118 2.802 16.339
4422 4.628 1.599 39.119
6371 3.552 2.209 6.657
6662 5.067 2.567 9.906
4604 3.284 1.238 32.444
3925 4.46 2.411 20.214
5874 2.689 1.77 22.754
5756 4.914 1.047 41.203
3947 3.266 2.626 3.665
4518 4.478 1.953 31.52
6718 2.842 2.344 13.98
6254 4.055 2.986 17.622
4447 3.093 1.314 25.082
3016 4.652 2.017 7.928
5215 3.7 1.657 35.39
5384 4.221 2.153 22.617
3317 2.583 1.544 20.078
4152 5.171 2.871 32.933
6079 3.524 1.45 10.394
6885 4.738 1.842 6.209
4818 3.786 2.482 38.669
3656 3.97 1.185 16.515
5581 3.006 2.513 28.976
5650 3.883 1.567 8.603
3584 2.922 2.239 36.065
4889 4.822 1.41 18.92
6816 3.873 2.77 26.38
6149 5.086 2.381 30.027
4083 3.437 1.802 12.487
3387 4.308 2.599 40.333
5312 2.669 1.208 2.794
5021 4.565 2.727 15.021
3212 3.615 1.087 27.483
4250 4.14 2.258 5.339
6449 3.181 1.93 37.799
6521 4.394 1.291 33.609
4713 2.755 2.9 11.069
3753 5.001 1.697 23.914
5952 3.35 2.119 21.376
5954 4.023 1.253 26.848
3778 2.954 2.926 19.387
4691 4.792 1.722 35.914
6508 3.731 2.082 8.453
6455 5.225 2.69 2.954
4280 3.47 1.112 40.493
3194 4.274 2.284 12.011
5011 2.531 1.893 29.549
5342 4.705 2.421 37.949
3392 3.646 1.781 5.488
4073 4.11 2.577 27.015
6132 3.039 1.25 14.555
6841 4.533 1.608 21.853
4892 2.788 2.217 24.393
3571 4.967 1.389 10.91
5629 3.213 2.811 33.448
5575 5.054 1.866 14.444
3626 3.298 2.445 31.982
4836 4.448 1.148 3.509
6895 2.7 2.539 41.049
6076 4.194 2.178 35.554
4127 3.126 1.506 8.094
3339 4.618 2.835 24.611
5397 3.562 1.475 17.149
5190 4.361 2.964 10.549
3013 2.615 1.355 33.088
4460 5.141 2.058 19.615
6276 3.383 1.637 22.155
6688 4.877 1.026 29.448
4513 3.819 2.666 16.987
3957 3.936 1.995 38.505
5773 2.869 2.323 6.043
5845 4.771 2.608 18.224
3919 3.752 1.218 25.684
4613 4.003 2.389 7.292
6680 2.974 1.811 34.754
6345 4.252 1.422 41.81
4420 2.553 2.781 4.271
3116 5.202 1.578 30.869
5183 3.493 2.249 13.33
5482 4.09 1.69 6.806
3283 3.059 2.112 39.266
4245 4.685 1.283 15.873
6054 3.666 2.893 28.335
6981 4.944 2.254 23.228
4782 3.235 1.925 20.69
3743 4.51 2.722 32.288
5550 2.811 1.081 9.748
5747 4.428 2.025 30.663
3548 2.72 1.667 13.123
4976 5.034 2.995 39.731
6786 3.317 1.323 2.193
6248 4.595 1.964 9.254
4049 3.585 2.355 36.715
3480 4.171 1.059 18.313
5288 3.149 2.636 25.773
5112 5.121 1.178 34.249
3185 3.403 2.506 11.71
4350 4.341 1.834 23.317
6417 2.635 2.476 20.779
6610 3.913 2.867 15.667
4685 2.892 1.444 28.129
3848 4.854 2.148 4.727
5914 3.842 1.538 37.187
5887 5.178 2.201 11.375
3812 3.518 1.622 33.915
4649 4.238 2.794 21.07
6583 2.566 1.404 23.608
6389 3.974 1.762 27.8
4316 3.002 2.434 15.338
3151 4.752 1.231 37.482
5084 3.771 2.591 5.022
5253 4.495 1.095 12.794
3452 2.825 2.704 30.333
4021 4.921 1.877 2.488
6213 3.259 2.298 40.027
6750 4.667 2.907 36.381
4949 3.685 1.267 8.919
3521 4.059 2.063 26.064
5711 3.089 1.735 18.604
5516 4.147 2.681 38.975
3715 3.174 1.009 6.515
4755 4.582 2.338 28.67
6947 3.597 1.978 16.208
6019 5.005 1.367 20.394
4218 3.346 2.946 22.933
3256 4.409 1.649 10.078
5447 2.74 2.04 32.617
5156 4.839 1.521 25.389
3081 3.856 2.161 17.929
4385 3.89 1.49 35.083
6318 2.915 2.818 7.621
6652 4.323 2.457 3.981
4578 2.653 1.848 41.519
3884 5.09 2.551 13.664
5817 3.433 1.13 31.204
5809 4.304 1.907 32.753
3984 2.5 2.266 10.215
4540 5.244 1.063 22.445
6724 3.452 2.735 19.905
6311 4.815 2.095 16.658
4488 3.708 1.705 29.118
3041 4.037 2.876 6.339
5224 2.939 1.299 38.8
5425 4.987 2.763 31.652
3374 3.193 1.434 14.114
4162 4.561 2.231 41.344
6104 2.758 1.59 3.805
6922 4.122 1.2 7.759
4871 3.026 2.623 35.219
3662 4.73 1.794 17.44
5602 3.622 2.404 24.901
5656 4.648 1.458 5.198
3605 3.531 2.848 37.659
4926 4.213 1.552 14.889
6868 3.108 2.129 27.349
6159 4.472 2.521 24.097
4108 2.677 1.162 21.557
3428 5.068 2.49 33.778
5369 3.283 1.818 11.239
5046 3.955 2.368 19.091
3221 2.85 1.945 26.553
4307 4.905 2.649 8.783
6490 3.79 1.039 36.243
6543 5.154 1.681 40.203
4719 3.37 2.009 2.663
3806 4.386 1.337 29.883
5989 2.591 2.978 12.345
5985 5.161 1.402 18.752
3809 3.363 2.792 26.292
4722 4.381 1.621 9.069
6540 2.595 2.198 36.607
6486 3.959 2.588 39.839
4311 2.846 1.229 2.377
3226 4.899 2.432 30.145
5042 3.796 1.76 12.685
5373 4.468 2.305 4.834
3424 2.68 1.882 37.373
4104 5.075 2.71 15.15
6163 3.277 1.101 27.689
6872 4.641 1.741 23.757
4923 3.539 2.069 21.296
3602 4.217 1.272 34.064
5660 3.103 2.913 11.603
5607 4.13 1.984 31.308
3657 3.019 2.343 13.848
4867 4.725 1.016 41.625
6926 3.626 2.687 4.164
6107 4.99 2.045 7.4
4159 3.19 1.655 34.939
3370 4.556 2.952 17.706
5429 2.765 1.374 25.245
5221 4.812 2.816 32.395
3045 3.711 1.487 9.935
4491 4.043 2.16 22.711
6308 2.934 1.519 20.25
6720 4.297 1.127 16.314
4544 2.508 2.549 28.852
3989 5.248 1.846 6.619
5804 3.447 2.456 39.159
5814 4.315 2.741 25.108
3888 2.661 1.069 17.57
4582 5.096 2.272 35.428
6649 3.428 1.912 7.888
6314 4.836 1.304 3.715
4389 3.859 2.883 41.175
3085 3.895 1.71 14.023
5151 2.909 2.101 31.485
5451 5.009 1.589 38.709
3252 3.343 2.229 6.171
4214 4.402 1.432 29.028
6023 2.746 2.76 16.489
6950 4.154 2.402 20.114
4751 3.166 1.793 22.574
3711 4.578 2.62 10.422
5519 3.602 1.199 32.883
5716 4.659 2.127 12.508
3516 3.692 1.549 29.97
4945 4.064 2.847 2.827
6754 3.084 1.455 40.288
6216 4.493 1.816 36.119
4018 2.828 2.488 8.58
3448 4.926 1.16 26.428
5257 3.253 2.519 18.889
5080 3.978 1.046 11.114
3154 2.999 2.654 33.576
4319 4.746 1.952 21.434
6386 3.777 2.373 23.894
6579 5.185 2.984 27.514
4653 3.51 1.343 14.974
3817 4.234 2.015 37.822
5883 2.571 1.687 5.283
5918 3.91 2.083 33.28
3844 2.895 1.724 10.819
4680 4.859 2.927 24.223
6615 3.836 1.256 21.763
6421 5.113 1.895 14.683
4347 3.41 2.285 27.223
3182 4.346 1.114 5.618
5115 2.631 2.692 38.157
5285 4.602 1.244 29.679
3483 3.577 2.572 12.217
4053 4.167 1.775 40.622
6244 3.154 2.416 3.162
6781 4.432 2.805 8.284
4981 2.717 1.383 35.824
3552 5.028 2.212 19.219
5743 3.323 1.602 26.757
5547 4.941 2.532 5.842
3746 3.239 1.142 38.38
4786 4.516 2.439 16.784
6978 2.804 1.861 29.324
6050 4.082 1.469 22.239
4249 3.066 2.828 19.779
3287 4.69 1.501 33.174
5478 3.662 2.172 10.712
5187 4.258 1.638 17.235
3112 2.546 2.06 24.774
4416 5.198 1.357 8.178
6350 3.497 2.967 35.718
6684 4.775 2.325 40.846
4609 3.748 1.996 3.385
3915 3.997 2.669 31.78
5848 2.98 1.028 14.319
5778 4.879 1.805 9.639
3953 3.815 2.384 32.099
4508 3.93 1.211 20.58
6693 2.875 2.602 23.041
6280 4.369 2.244 28.562
4456 2.608 1.572 16.023
3010 5.136 2.775 39.493
5193 3.387 1.415 6.954
5394 4.187 2.895 13.557
3342 3.134 1.286 31.018
4131 4.623 2.113 4.498
6072 3.557 1.692 41.96
6890 5.051 1.084 34.643
4840 3.3 2.724 7.105
3630 4.454 1.927 25.575
5571 2.695 2.255 18.035
5625 4.536 1.324 37.044
3574 2.784 2.997 4.504
4895 4.961 1.668 27.984
6837 3.219 2.028 15.446
6128 4.713 2.638 20.961
4077 3.639 1.06 23.423
3397 4.105 2.357 11.894
5338 3.043 1.966 34.354
5015 5.218 2.469 25.957
3190 3.478 1.829 18.418
4275 4.279 2.5 36.898
6459 2.526 1.173 9.359
6512 4.02 1.533 2.048
4688 2.957 2.142 39.509
3775 4.798 1.439 12.98
5958 3.726 2.861 30.44
5948 4.401 1.511 15.283
3757 2.747 2.184 27.823
4716 4.997 1.48 4.975
6518 3.355 2.839 37.513
6445 4.568 2.448 33.894
4254 3.612 1.87 11.433
3216 4.134 2.542 23.575
5016 3.186 1.15 21.115
5317 5.083 2.663 8.889
3382 3.441 1.023 36.428
4079 4.314 2.319 18.58
6153 2.662 1.992 26.119
6819 3.875 1.351 30.288
4886 2.929 2.959 12.827
3580 4.827 1.631 39.969
5654 3.869 2.053 2.509
5585 4.745 1.124 22.883
3651 3.779 2.703 20.422
4814 3.966 1.906 32.575
6889 3.011 2.297 10.113
6082 4.225 2.936 6.489
4149 2.58 1.264 39.028
3314 5.165 2.093 16.17
5387 3.53 1.733 28.71
5211 4.052 2.206 41.484
3019 3.097 1.597 4.024
4450 4.658 2.8 31.176
6251 3.693 1.379 13.714
6714 4.907 1.768 17.888
4523 3.273 2.408 25.427
3952 4.483 1.237 7.569
5752 2.838 2.565 35.109
5870 5.06 2.35 29.158
3929 3.292 1.96 16.62
4607 4.464 2.631 38.853
6658 2.684 1.053 6.313
6367 4.199 1.664 10.251
4426 3.12 2.023 32.711
3107 4.634 1.32 19.934
5157 3.546 2.991 22.395
5489 4.377 1.448 35.245
3304 2.599 2.87 7.706
4220 5.147 1.541 24.939
6044 3.377 2.151 17.4
6991 4.893 2.512 14.164
4808 3.803 1.183 31.625
3721 3.941 2.48 3.847
5545 2.864 1.839 41.308
5726 4.029 2.768 21.603
3542 2.948 1.409 24.064
4986 4.808 2.237 11.296
6811 3.715 1.565 33.757
6222 5.231 1.207 37.689
4039 3.464 2.597 5.15
3486 4.29 1.801 27.373
5309 2.515 2.378 14.834
5102 4.721 1.936 2.684
3160 3.63 2.264 40.145
4372 4.115 1.092 12.378
6423 3.033 2.733 29.838
6604 4.549 2.125 26.608
4663 2.772 1.702 19.068
3873 4.972 2.906 36.291
5923 3.207 1.296 8.753
5897 4.61 2.943 40.441
3838 3.569 1.365 2.98
4628 4.186 2.037 29.509
6578 3.135 1.646 12.048
6395 4.434 1.004 19.359
4337 2.715 2.677 26.898
3125 5.041 1.973 8.418
5074 3.31 2.333 35.957
5275 3.928 1.853 24.355
3458 2.877 2.462 21.893
4012 4.867 1.134 33.422
6188 3.827 2.556 10.962
6775 5.127 2.164 5.445
4959 3.396 1.524 37.985
3515 4.349 2.82 14.505
5690 2.628 1.493 27.043
5510 4.266 2.423 8.036
3693 2.538 1.751 35.575
4780 5.217 2.58 17.104
6956 3.479 1.22 24.644
6008 4.778 1.61 31.959
4193 3.746 2.188 14.499
3277 4.01 1.391 41.019
5453 2.966 2.782 3.557
5130 4.96 1.279 16.954
3071 3.22 2.919 29.493
4390 4.524 1.748 6.023
6340 2.796 2.075 38.562
6631 4.095 2.715 33.041
4572 3.053 1.106 10.58
3894 4.693 2.309 22.1
5842 3.659 1.888 19.638
5787 4.163 1.165 4.319
3978 3.158 2.524 41.779
4549 4.588 1.821 13.385
6749 3.592 2.492 30.846
6286 5.021 2.853 25.718
4478 3.33 1.463 18.179
3047 4.414 2.134 34.774
5246 2.735 1.556 7.235
5415 4.845 2.005 20.713
3348 3.85 1.676 23.173
4183 3.906 2.973 9.778
6110 2.899 1.332 32.24
6916 4.329 1.943 39.323
4850 2.648 2.365 6.785
3687 5.106 1.036 28.381
5612 3.417 2.646 15.841
5682 5.194 1.716 36.758
3615 3.502 2.106 9.218
4921 4.244 1.309 25.823
6847 2.56 2.887 18.285
6180 3.99 2.278 13.161
4115 2.986 1.919 30.623
3418 4.758 2.747 2.218
5344 3.766 1.076 39.678
5052 4.501 2.61 28.157
3243 2.819 1.188 15.617
4281 4.937 2.392 37.223
6481 3.243 1.782 4.684
6552 4.673 1.423 11.762
4744 3.679 2.752 34.224
3785 4.075 1.579 20.819
5983 3.073 2.22 23.28
5974 4.072 2.528 7.172
3790 3.076 1.169 34.71
4734 4.679 2.496 18.105
6559 3.673 1.825 25.645
6475 4.93 1.466 30.753
4291 3.25 2.856 13.292
3238 4.505 1.56 41.697
5061 2.815 2.138 4.236
5354 4.765 1.672 15.758
3412 3.759 2.001 28.296
4124 3.985 1.329 6.691
6175 2.991 2.97 39.231
6852 4.247 2.361 32.166
4911 2.557 1.939 9.706
3621 5.188 2.642 23.111
5672 3.508 1.033 20.649
5619 5.103 2.102 39.772
3676 3.42 1.712 2.31
4855 4.335 2.883 30.705
6906 2.642 1.305 13.245
6119 3.898 1.916 18.348
4178 2.907 2.275 25.888
3359 4.849 1.072 9.292
5409 3.846 2.743 36.831
5240 4.421 1.192 23.353
3056 2.727 2.614 20.892
4471 5.017 1.785 34.287
6296 3.335 2.395 11.826
6739 4.591 2.756 4.767
4556 3.588 1.427 37.306
3969 4.157 2.224 15.71
5793 3.164 1.583 28.249
5833 4.701 1.36 36.03
3899 3.651 2.939 8.491
4562 4.095 1.642 26.961
6637 3.053 2.033 19.423
6334 4.526 2.673 12.131
4400 2.794 1.0 29.592
3066 4.95 2.329 3.073
5139 3.23 1.969 40.533
5463 4.008 2.466 27.137
3271 2.968 1.857 14.597
4202 4.788 2.56 38.067
6003 3.736 1.138 5.529
6962 5.208 1.528 11.025
4771 3.487 2.168 33.487
3699 4.267 1.497 21.967
5500 2.537 2.825 24.427
5697 4.357 1.755 3.474
3504 2.619 2.428 40.934
4965 5.126 1.224 14.405
6766 3.397 2.584 31.867
6197 4.87 2.192 24.57
4006 3.825 1.614 17.032
3468 3.918 2.786 35.512
5268 2.887 1.395 7.972
5069 5.039 2.915 19.575
3135 3.312 1.275 22.036
4331 4.444 2.072 10.506
6406 2.705 1.744 32.967
6567 4.177 1.102 38.469
4634 3.144 2.711 5.93
3829 4.611 1.883 29.411
5902 3.568 2.305 16.871
5930 4.98 1.956 22.331
3863 3.2 2.346 19.871
4669 4.544 1.05 32.638
6595 2.776 2.627 10.177
6432 4.119 2.019 6.221
4366 3.03 1.66 38.759
3170 4.715 2.988 16.536
5095 3.636 1.316 29.076
5304 4.287 2.874 41.225
3495 2.518 1.451 3.765
4033 5.237 2.155 31.532
6233 3.458 1.545 14.071
6800 4.801 1.187 17.327
4993 3.723 2.515 24.865
3532 4.033 1.843 7.643
5731 2.944 2.484 35.182
5535 3.948 1.413 14.926
3726 2.856 2.772 27.466
4798 4.888 1.569 5.233
6997 3.808 2.24 37.772
6038 5.15 2.601 33.821
4230 3.374 1.211 11.36
3299 4.371 2.382 24.137
5498 2.605 1.804 21.676
5167 4.631 2.261 8.825
3100 3.549 1.932 36.365
4435 4.206 2.729 19.132
6362 3.114 1.088 26.671
6664 4.457 1.699 29.922
4598 2.691 2.121 12.46
3935 5.064 1.292 40.238
5860 3.287 2.902 2.778
5758 4.481 2.187 21.187
3941 2.84 1.515 23.649
4528 4.917 2.844 11.497
6704 3.263 1.484 33.957
6261 4.649 1.873 37.597
4444 3.702 2.452 5.057
3030 4.053 1.155 27.915
5205 3.096 2.546 15.376
5382 5.174 1.019 2.601
3323 3.521 2.659 40.062
4142 4.224 1.988 12.91
6092 2.581 2.316 30.371
6878 3.968 2.955 26.183
4821 3.009 1.346 18.644
3642 4.734 2.049 36.501
5591 3.789 1.628 8.962
5645 4.825 2.699 28.627
3586 3.871 1.121 16.088
4876 3.885 2.293 38.935
6825 2.919 1.901 6.396
6147 4.306 1.26 10.04
4089 2.671 2.933 32.501
3377 5.084 1.729 20.359
5326 3.44 2.088 22.82
5026 4.142 1.601 35.045
3210 3.178 2.21 7.506
4263 4.568 1.382 25.354
6440 3.612 2.804 17.814
6523 4.999 2.413 13.622
4707 3.353 1.772 31.082
3763 4.391 2.568 3.94
5938 2.757 1.241 41.402
5968 4.789 2.387 6.871
3768 3.735 1.809 39.41
4697 4.02 2.606 15.93
6506 2.956 1.215 28.469
6465 4.277 1.575 22.967
4266 2.528 2.248 20.507
3197 5.228 1.419 32.036
5005 3.467 2.779 9.575
5328 4.107 1.282 17.973
3402 3.041 2.891 25.511
4067 4.703 1.688 7.031
6134 3.649 2.11 34.571
6831 4.97 2.72 41.866
4906 3.21 1.08 4.406
3568 4.535 2.251 30.935
5635 2.785 1.924 13.473
5566 4.445 2.993 34.428
3639 2.703 1.321 11.966
4834 5.051 2.024 23.486
6901 3.3 1.664 21.026
6062 4.62 1.056 15.528
4137 3.559 2.635 28.068
3333 4.197 1.962 4.598
5399 3.124 2.353 37.136
5199 5.138 1.833 30.533
3000 3.385 2.473 13.072
4461 4.359 1.176 39.592
6271 2.618 2.504 2.131
6702 3.939 2.146 9.422
4503 2.866 1.537 36.962
3963 4.879 2.864 18.491
5771 3.816 1.443 26.03
5858 4.0 1.72 38.249
3909 2.976 2.079 5.71
4619 4.769 1.252 27.306
6678 3.755 2.923 14.767
6355 5.206 2.281 21.826
4406 3.49 1.891 24.287
3118 4.254 2.688 10.892
5176 2.551 1.11 33.353
5469 4.682 2.576 26.832
3293 3.67 1.247 19.292
4239 4.087 2.42 35.887
6056 3.061 1.779 8.349
6971 4.512 1.387 3.244
4796 2.808 2.809 40.706
3740 4.947 1.606 12.311
5557 3.233 2.216 29.771
5738 5.031 1.146 10.65
3561 3.32 2.536 33.11
4974 4.425 1.865 19.705
6791 2.723 2.443 22.167
6234 4.174 2.832 29.23
4059 3.146 1.473 16.692
3474 4.598 2.176 38.297
5290 3.582 1.505 5.757
5121 4.339 2.056 14.236
3172 2.638 1.634 31.697
4352 5.118 2.963 3.292
6412 3.405 1.353 40.753
6624 4.856 1.992 35.644
4675 3.839 2.321 8.105
3854 3.916 1.024 24.711
5912 2.889 2.665 17.171
5877 4.236 1.064 31.401
3826 2.569 2.737 13.941
4647 5.175 1.909 41.083
6589 3.52 2.268 3.621
6376 4.755 2.878 7.815
4325 3.768 1.3 35.354
3145 3.977 2.098 17.505
5085 3.0 1.706 25.045
5263 4.918 2.233 32.82
3438 3.262 1.592 10.359
4023 4.493 2.764 22.501
6207 2.827 1.436 20.04
6763 4.062 1.797 16.396
4940 3.087 2.405 28.935
3527 4.669 1.203 6.087
5710 3.682 2.624 38.627
5530 4.58 1.553 18.962
3705 3.6 2.132 26.501
4761 4.144 1.459 8.644
6944 3.176 2.85 36.183
6028 4.411 2.492 40.371
4204 2.737 1.82 2.91
3258 5.008 2.523 30.062
5441 3.344 1.163 12.601
5142 3.887 2.651 5.375
3091 2.918 1.042 37.915
4379 4.837 2.369 15.058
6321 3.859 1.948 27.596
6643 5.093 1.34 23.958
4592 3.43 2.98 21.496
3882 4.326 1.683 33.648
5823 2.651 2.011 11.188
5799 5.241 2.796 12.777
3998 3.454 1.406 30.239
4538 4.302 2.203 2.461
6730 2.503 1.625 39.921
6298 4.04 1.233 36.671
4497 2.937 2.592 9.131
3036 4.818 1.765 26.364
5226 3.705 2.436 18.826
5435 4.559 1.878 11.676
3360 2.762 2.3 34.137
4164 4.984 1.097 21.36
6098 3.196 2.707 23.821
6935 4.733 2.065 27.772
4862 3.619 1.736 15.233
3667 4.125 2.909 37.466
5600 3.024 1.268 4.927
5670 4.209 2.339 25.182
3595 3.111 1.98 17.643
4933 4.646 2.683 34.866
6866 3.534 1.011 7.326
6169 5.071 1.651 4.071
4095 3.281 2.041 41.532
3430 4.474 1.37 13.764
5363 2.674 2.947 31.226
5032 4.903 1.492 39.075
3231 3.793 2.82 6.537
4300 3.952 1.523 28.76
6492 2.852 2.164 16.22
6533 4.389 2.554 20.177
4732 2.587 1.131 22.637
3804 5.156 2.46 9.87
5995 3.367 1.85 32.332
5993 4.901 2.78 26.091
3802 3.795 1.42 18.631
4730 3.96 2.249 36.398
6532 2.844 1.576 8.936
6494 4.38 1.218 2.5
4303 2.596 2.609 40.038
3234 5.16 1.812 12.816
5034 3.364 2.39 30.356
5366 4.218 1.925 37.505
3431 3.102 2.252 5.044
4097 4.642 1.081 27.811
6171 3.538 2.721 15.35
6864 5.073 2.113 21.087
4931 3.279 1.691 23.625
3594 4.467 2.894 11.402
5668 2.681 1.285 33.942
5599 4.557 2.354 13.647
3665 2.764 1.963 31.187
4859 4.991 2.636 3.954
6934 3.188 1.057 41.493
6099 4.724 1.667 35.061
4166 3.627 2.027 7.6
3362 4.128 1.324 25.377
5436 3.02 2.996 17.916
5229 5.249 1.444 10.065
3037 3.446 2.865 32.605
4499 4.298 1.538 20.373
6300 2.507 2.147 22.911
6728 4.042 2.507 28.643
4536 2.935 1.179 16.181
3996 4.81 2.476 38.958
5796 3.713 1.836 6.498
5822 3.894 1.113 17.466
3880 2.911 2.691 24.928
4589 4.835 1.894 7.776
6641 3.861 2.284 35.236
6322 5.097 2.924 41.357
4381 3.427 1.253 3.817
3093 4.317 2.08 31.674
5143 2.659 1.721 14.136
5444 4.576 2.219 6.361
3259 3.604 1.609 38.822
4206 4.153 2.812 16.67
6030 3.167 1.39 29.13
6942 4.404 1.78 22.462
4759 2.744 2.421 19.923
3703 5.01 1.248 32.781
5527 3.342 2.577 10.242
5708 4.925 1.508 29.867
3524 3.254 2.179 12.328
4937 4.491 1.476 40.176
6762 2.829 2.835 2.636
6209 4.066 2.443 8.761
4026 3.083 1.866 36.222
3441 4.661 2.537 19.079
5264 3.691 1.147 26.541
5088 4.233 2.668 33.765
3146 2.572 1.027 11.227
4327 5.184 2.324 24.075
6378 3.511 1.995 21.535
6587 4.747 1.354 14.862
4646 3.776 2.964 27.322
3825 3.979 1.635 5.18
5875 2.998 2.057 37.642
5910 4.347 1.703 10.931
3851 2.629 2.095 33.47
4672 5.115 1.297 21.865
6622 3.409 2.876 24.404
6413 4.858 2.267 27.032
4355 3.837 1.908 14.572
3174 3.908 2.736 37.976
5123 2.897 1.064 5.515
5292 5.029 2.621 12.038
3475 3.322 1.2 29.576
4060 4.433 2.402 2.971
6237 2.716 1.794 40.511
6789 4.166 1.436 35.926
4973 3.155 2.763 8.466
3560 4.601 1.591 26.871
5735 3.579 2.232 19.409
5555 4.691 1.16 38.493
3738 3.661 2.52 6.031
4794 4.083 1.817 29.426
6970 3.065 2.489 16.966
6057 4.514 2.849 19.588
4242 2.806 1.458 22.128
3295 4.94 2.131 10.532
5471 3.24 1.552 33.071
5179 3.998 2.008 24.594
3120 2.978 1.68 17.132
4408 4.777 2.977 35.527
6358 3.747 1.337 8.066
6676 5.197 1.947 3.487
4617 3.499 2.368 41.027
3908 4.257 1.041 14.431
5856 2.547 2.65 31.97
5770 5.135 2.435 32.31
3961 3.388 1.764 9.77
4501 4.368 2.591 23.241
6701 2.609 1.232 20.702
6272 3.931 1.622 15.891
4464 2.874 2.2 28.352
3002 4.881 1.403 6.832
5201 3.814 2.793 39.293
5402 4.453 1.267 30.896
3335 2.696 2.908 13.356
4138 5.05 1.735 41.827
6065 3.302 2.064 4.289
6898 4.624 2.704 7.304
4832 3.555 1.094 34.766
3638 4.188 2.297 18.246
5563 3.132 1.875 25.706
5633 4.103 2.946 4.715
3566 3.045 1.369 37.175
4903 4.711 2.04 15.645
6829 3.64 1.65 28.107
6135 4.963 1.008 23.29
4070 3.217 2.68 20.752
3404 4.537 1.978 34.233
5330 2.783 2.336 11.693
5007 4.796 1.849 18.296
3198 3.727 2.459 25.757
4267 4.018 1.13 9.227
6467 2.958 2.553 36.688
6504 4.28 2.161 39.709
4695 2.524 1.52 2.17
3767 5.219 2.817 30.651
5966 3.476 1.489 13.111
5940 4.135 2.139 27.641
3765 3.185 1.561 15.181
4709 4.57 2.858 37.323
6526 3.61 1.468 4.861
6437 4.995 1.828 11.536
4262 3.356 2.499 34.074
3208 4.4 1.171 21.226
5024 2.749 2.53 23.766
5324 4.828 1.034 36.54
3375 3.868 2.644 9.08
4087 3.877 1.94 26.222
6146 2.928 2.362 18.761
6827 4.313 2.972 12.637
4878 2.663 1.331 30.176
3588 5.082 2.004 2.327
5646 3.442 1.675 39.867
5593 5.166 2.744 20.241
3643 3.529 1.073 22.781
4822 4.226 2.276 9.923
6881 2.579 1.917 32.462
6089 3.964 1.308 39.131
4141 3.013 2.886 6.67
3321 4.743 1.715 28.822
5380 3.78 2.105 16.361
5203 4.484 1.584 4.135
3027 2.836 2.225 41.675
4442 4.908 1.428 13.818
6259 3.271 2.757 31.356
6706 4.657 2.398 25.237
4530 3.694 1.788 17.775
3944 4.051 2.617 34.927
5759 3.098 1.195 7.467
5862 4.633 1.972 16.497
3936 3.547 2.332 28.959
4599 4.198 1.003 6.182
6666 3.122 2.675 38.642
6359 4.465 2.034 32.912
4434 2.683 1.643 10.372
3099 5.061 2.94 22.604
5165 3.291 1.362 20.066
5496 3.939 2.827 7.916
3297 2.865 1.5 35.377
4227 4.891 2.171 17.6
6036 3.804 1.531 25.061
6999 5.148 1.139 31.493
4800 3.376 2.561 13.953
3729 4.379 1.858 41.186
5537 2.598 2.467 3.648
5734 4.289 1.398 23.941
3534 2.516 2.789 21.403
4994 5.229 1.617 33.626
6803 3.466 2.195 11.086
6230 4.809 2.585 5.35
4032 3.714 1.225 37.811
3493 4.03 2.429 15.044
5302 2.947 1.756 27.505
5094 4.971 2.308 40.355
3168 3.209 1.886 2.817
4364 4.548 2.714 30.039
6431 2.773 1.105 12.499
6596 4.117 1.745 18.937
4671 3.032 2.072 26.397
3866 4.722 1.276 8.63
5931 3.629 2.916 36.092
5904 5.043 1.313 3.112
3830 3.309 2.985 40.65
4635 4.436 1.657 12.17
6570 2.713 2.016 29.71
6403 4.184 2.626 26.688
4329 3.136 1.049 19.227
3133 4.609 2.345 35.757
5066 3.57 1.955 8.295
5267 4.35 2.481 21.693
3465 2.627 1.84 24.232
4004 5.128 2.512 10.751
6195 3.395 1.184 33.291
6767 4.866 1.544 38.106
4967 3.829 2.154 5.646
3507 3.927 1.45 27.176
5698 2.878 2.873 14.714
5502 4.011 1.801 35.707
3701 2.965 2.379 8.245
4772 4.779 1.208 24.765
6964 3.744 2.598 17.305
6001 5.216 2.239 14.288
4200 3.48 1.568 31.828
3270 4.265 2.771 3.357
5461 2.539 1.412 40.895
5138 4.694 2.899 29.293
3063 3.658 1.289 16.832
4398 4.097 2.118 38.352
6332 3.051 1.696 5.891
6639 4.522 1.087 10.702
4565 2.798 2.728 33.241
3902 4.958 1.931 19.771
5834 3.222 2.26 22.309
5795 4.413 2.545 41.97
3971 2.736 1.154 4.431
4557 5.02 2.451 31.026
6741 3.331 1.872 13.487
6294 4.589 1.481 18.066
4470 3.59 2.841 25.527
3055 4.164 1.512 7.133
5238 3.157 2.184 34.593
5408 5.105 1.627 23.072
3356 3.418 2.048 20.532
4176 4.327 1.345 32.127
6117 2.65 2.954 9.589
6908 3.907 2.313 6.965
4858 2.898 1.985 39.427
3679 4.846 2.656 16.032
5620 3.849 1.016 28.492
5674 4.756 2.087 9.41
3623 3.768 1.728 36.87
4913 3.989 2.932 18.465
6855 2.987 1.259 25.927
6173 4.245 1.898 30.51
4122 2.559 2.29 12.971
3410 5.195 1.118 39.577
5351 3.5 2.696 2.037
5060 4.074 1.24 15.515
3235 3.074 2.567 27.976
4289 4.671 1.771 4.571
6473 3.681 2.412 37.033
6560 4.938 2.801 34.404
4736 3.242 1.379 11.865
3792 4.502 2.207 23.47
5975 2.818 1.599 20.931
5981 4.504 1.149 34.501
3782 2.816 2.541 7.039
4742 4.928 1.869 25.444
6551 3.252 2.447 17.983
6482 4.68 2.837 13.424
4283 3.672 1.477 30.963
3245 4.073 2.181 4.358
5053 3.075 1.508 41.897
5346 5.187 2.052 28.42
3420 3.509 1.63 15.958
4116 4.246 2.958 39.362
6183 2.559 1.35 6.902
6844 3.987 1.989 9.505
4919 2.99 2.317 32.045
3613 4.766 1.02 20.44
5680 3.757 2.661 22.978
5611 4.848 1.732 2.101
3684 3.847 2.092 39.639
4847 3.897 1.263 13.044
6914 2.908 2.935 30.584
6111 4.336 2.294 26.019
4186 2.641 1.903 18.559
3351 5.104 2.7 36.953
5417 3.419 1.121 9.492
5248 4.155 2.564 21.015
3049 3.165 1.236 23.553
4479 4.59 2.407 11.958
6289 3.59 1.767 34.497
6747 5.018 1.376 37.105
4548 3.333 2.797 4.645
3977 4.423 1.594 28.04
5785 2.726 2.203 15.578
5841 4.951 2.988 8.379
3892 3.229 1.317 35.84
4570 4.527 2.02 19.32
6629 2.793 1.661 26.781
6342 4.093 1.052 29.782
4393 3.055 2.63 12.244
3074 4.7 1.959 40.714
5132 3.652 2.349 3.175
5455 4.269 1.836 14.778
3279 2.536 2.477 27.238
4194 5.21 1.18 5.718
6011 3.486 2.509 38.18
6954 4.787 2.15 33.383
4779 3.737 1.54 10.845
3691 4.007 2.869 24.315
5508 2.97 1.447 21.775
5689 3.92 2.375 40.823
3512 2.885 1.798 3.283
4957 4.871 2.594 31.763
6774 3.824 1.204 14.225
6189 5.125 1.564 17.221
4014 3.398 2.236 24.683
3460 4.356 1.408 8.153
5276 2.621 2.767 35.613
5076 4.612 1.293 22.217
3127 3.567 2.903 19.677
4338 4.178 1.699 33.158
6398 3.142 2.122 10.619
6575 4.443 2.732 5.827
4626 2.706 1.091 38.289
3836 5.038 2.263 16.759
5894 3.313 1.935 29.22
5922 4.714 2.336 19.973
3871 3.638 1.976 22.513
4661 4.117 2.68 10.29
6603 3.032 1.007 32.828
6425 4.546 1.647 38.579
4374 2.775 2.038 6.117
3163 4.981 1.366 28.885
5103 3.198 2.944 16.425
5312 4.032 1.496 3.574
3487 2.945 2.823 41.113
4041 4.799 1.527 13.89
6225 3.724 2.167 31.429
6808 5.238 2.557 24.978
4985 3.457 1.135 17.517
3540 4.288 2.463 35.284
5723 2.517 1.854 7.824
5543 4.37 2.785 27.568
3718 2.606 1.394 15.108
4806 5.148 2.191 37.884
6989 3.375 1.612 5.423
6046 4.889 1.221 11.179
4222 3.806 2.581 33.718
3307 3.95 1.752 21.485
5490 2.855 2.425 24.025
5159 5.063 1.89 36.174
3108 3.289 2.312 8.714
4427 4.455 1.109 26.491
6369 2.693 2.718 19.029
6656 4.207 2.077 12.574
4606 3.113 1.749 30.112
3927 4.632 2.92 2.879
5868 3.548 1.28 40.419
5750 4.054 1.557 23.848
3949 3.095 2.135 21.31
4520 4.651 1.464 34.168
6712 3.701 2.854 11.628
6253 4.915 2.495 4.936
4452 3.264 1.824 37.396
3022 4.48 2.527 15.243
5212 2.841 1.168 27.705
5390 4.736 2.647 39.93
3315 3.787 1.037 2.391
4150 3.969 2.366 30.249
6084 3.008 1.944 12.71
6886 4.223 1.335 18.854
4813 2.582 2.976 26.314
3650 5.172 1.679 9.162
5583 3.523 2.008 36.624
5653 5.085 1.077 16.287
3578 3.438 2.748 28.749
4884 4.307 1.92 6.607
6817 2.669 2.279 39.067
6155 3.884 2.89 32.379
4081 2.92 1.312 9.84
3385 4.823 2.108 22.688
5318 3.872 1.718 20.149
5019 4.392 2.222 7.374
3218 2.756 1.581 34.836
4256 5.0 2.753 17.693
6448 3.352 1.424 25.153
6516 4.566 1.784 31.293
4715 3.614 2.394 13.753
3755 4.141 1.191 41.601
5946 3.179 2.613 4.063
5960 5.227 1.759 39.22
3776 3.469 2.431 6.759
4689 4.275 1.228 28.288
6514 2.529 2.587 15.828
6457 4.022 2.195 20.619
4274 2.955 1.618 23.158
3189 4.791 2.79 9.678
5012 3.733 1.399 32.217
5336 4.534 2.912 25.614
3394 2.786 1.271 18.153
4075 4.969 2.068 34.682
6126 3.211 1.74 7.222
6839 4.704 1.098 4.224
4898 3.648 2.708 41.764
3576 4.108 1.879 13.284
5627 3.04 2.302 30.822
5574 4.196 1.373 11.776
3631 3.125 2.951 34.315
4842 4.619 1.654 20.844
6893 3.56 2.044 23.384
6070 5.053 2.684 28.179
4129 3.298 1.013 15.719
3341 4.447 2.34 37.239
5391 2.702 1.981 4.777
5192 4.877 2.455 13.175
3008 3.818 1.845 30.714
4454 3.937 2.548 2.243
6279 2.868 1.126 39.783
6694 4.36 1.516 36.781
4511 2.617 2.157 9.32
3955 5.139 1.484 25.84
5779 3.384 2.813 18.379
5851 4.255 2.098 5.579
3917 2.549 1.707 38.039
4611 5.207 2.88 14.644
6686 3.489 1.301 27.106
6348 4.768 1.911 24.497
4414 3.756 2.271 21.958
3111 3.999 1.068 33.554
5184 2.978 2.74 11.014
5477 4.948 1.196 19.492
3285 3.232 2.617 26.952
4247 4.514 1.79 8.558
6048 2.806 2.399 36.02
6979 4.085 2.759 40.583
4788 3.063 1.431 3.045
3748 4.681 2.228 29.64
5549 3.671 1.588 12.1
5746 4.599 2.516 32.979
3553 3.581 1.157 10.439
4982 4.176 2.485 22.044
6783 3.145 1.813 19.506
6242 4.424 1.454 16.901
4051 2.725 2.846 29.363
3482 5.03 1.548 5.959
5282 3.321 2.127 38.419
5113 3.917 1.684 31.897
3180 2.888 2.012 14.358
4344 4.858 1.34 40.963
6419 3.837 2.981 3.424
6616 5.117 2.373 7.983
4683 3.406 1.951 35.444
3846 4.337 2.653 17.04
5920 2.64 1.045 24.5
5885 3.975 2.695 14.062
3818 3.001 1.117 31.602
4655 4.754 2.288 3.754
6581 3.77 1.898 41.292
6384 5.176 1.257 35.154
4318 3.519 2.928 7.692
3153 4.237 1.725 24.835
5078 2.568 2.084 17.375
5255 4.668 1.605 10.149
3446 3.683 2.215 32.688
4015 4.061 1.386 19.84
6215 3.088 2.808 22.379
6755 4.495 2.417 29.067
4948 2.826 1.776 16.606
3519 4.919 2.573 38.748
5718 3.26 1.244 6.288
5522 5.007 2.175 26.623
3713 3.345 1.504 19.163
4753 4.41 2.831 36.315
6952 2.738 1.472 8.853
6020 4.145 1.862 2.71
4212 3.175 2.44 40.249
3250 4.581 1.143 12.391
5449 3.599 2.533 29.931
5149 4.324 1.031 37.704
3083 2.652 2.672 5.244
4386 5.092 1.999 27.397
6313 3.432 2.328 14.935
6650 4.838 2.968 21.629
4584 3.857 1.358 24.167
3890 3.888 2.061 11.309
5815 2.916 1.639 33.849
5807 4.819 1.416 30.418
3990 3.704 2.776 12.88
4545 4.041 1.573 40.113
6722 2.935 2.245 2.573
6305 4.301 2.605 9.03
4489 2.504 1.214 36.49
3043 5.239 2.387 18.713
5218 3.456 1.808 26.175
5427 4.127 2.256 34.024
3368 3.022 1.928 11.486
4156 4.734 2.725 23.718
6106 3.617 1.085 21.179
6927 4.982 1.695 15.424
4870 3.197 2.116 27.884
3659 4.558 1.289 5.107
5608 2.763 2.898 37.568
5662 4.475 1.967 17.823
3603 2.673 2.358 25.284
4925 5.073 1.061 7.517
6874 3.279 2.639 34.978
6161 4.644 2.031 41.43
4103 3.536 1.671 3.89
3422 4.208 3.0 31.113
5371 3.112 1.327 13.574
5040 5.158 2.862 6.424
3224 3.366 1.44 38.886
4308 4.39 2.143 16.118
6485 2.586 1.534 28.579
6541 3.951 1.176 22.829
4725 2.853 2.503 20.289
3812 4.901 1.832 32.512
5987 3.794 2.472 9.974
5992 3.957 1.892 6.065
3807 2.848 2.283 38.605
4721 4.898 1.111 16.385
6545 3.797 2.689 28.923
6488 5.162 2.079 22.484
4305 3.361 1.719 20.023
3220 4.383 2.923 32.792
5044 2.594 1.25 10.332
5367 4.639 2.81 17.479
3426 3.54 1.388 25.018
4106 4.216 2.216 7.798
6158 3.105 1.607 35.337
6870 4.47 1.247 41.071
4929 2.679 2.574 3.609
3608 5.075 1.778 31.379
5658 3.276 2.418 13.918
5605 4.989 1.474 33.661
3663 3.191 2.834 11.2
4873 4.554 1.505 23.98
6924 2.766 2.177 21.518
6101 4.131 2.536 15.084
4160 3.017 1.145 27.623
3372 4.727 2.442 5.393
5422 3.625 1.863 37.932
5223 4.295 2.322 30.079
3039 2.509 1.994 12.619
4485 5.247 2.665 40.398
6310 3.448 1.025 2.937
6725 4.814 1.634 8.666
4542 3.71 2.055 36.204
3986 4.044 1.352 18.974
5810 2.932 2.961 26.514
5820 4.832 2.246 37.443
3885 3.863 1.575 4.905
4580 3.892 2.778 27.76
6654 2.913 1.419 15.22
6316 4.32 1.81 21.343
4383 2.657 2.388 23.803
3079 5.099 1.217 11.649
5153 3.424 2.607 34.11
5445 4.15 1.078 26.338
3254 3.171 2.719 18.799
4215 4.574 1.922 36.654
6017 3.606 2.251 9.115
6948 5.013 2.892 2.449
4757 3.339 1.282 39.909
3717 4.406 2.111 12.755
5517 2.742 1.689 30.216
5714 4.488 2.633 9.882
3522 2.832 1.056 32.344
4951 4.923 2.352 20.199
6752 3.257 1.962 22.66
6211 4.664 1.322 28.787
4020 3.688 2.994 16.247
3451 4.068 1.666 39.093
5251 3.08 2.024 6.554
5082 5.181 1.536 13.781
3148 3.514 2.145 31.243
4313 4.23 1.442 4.098
6388 2.575 2.864 41.558
6585 3.981 2.474 34.888
4652 2.995 1.833 7.348
3815 4.75 2.505 25.194
5889 3.774 1.177 17.655
5916 5.112 2.593 30.908
3849 3.412 1.233 13.447
4686 4.345 2.437 41.849
6612 2.632 1.765 4.389
6415 3.911 1.404 7.019
4349 2.893 2.795 34.558
3184 4.861 1.623 17.95
5109 3.835 2.202 25.489
5286 4.43 1.738 32.015
3477 2.718 2.066 9.553
4046 5.027 1.269 22.955
6247 3.325 2.909 20.495
6787 4.604 2.299 15.912
4979 3.576 1.878 28.452
3550 4.168 2.706 6.845
5749 3.152 1.097 39.383
5553 4.081 2.043 18.509
3744 3.068 1.652 26.047
4784 4.688 2.949 9.449
6984 3.663 1.37 36.989
6052 4.942 1.979 39.614
4243 3.237 2.339 2.154
3282 4.517 1.01 30.546
5480 2.803 2.682 13.084
5181 4.773 1.133 4.609
3114 3.75 2.554 37.148
4418 3.996 1.851 15.55
6344 2.981 2.46 28.09
6681 4.26 2.819 23.513
4616 2.545 1.491 21.052
3921 5.199 2.162 34.445
5847 3.496 1.522 11.983
5776 4.365 1.3 12.284
3959 2.612 2.877 29.745
4514 5.132 1.706 3.227
6691 3.391 2.096 40.688
6274 4.884 2.737 35.875
4458 3.812 1.066 8.336
3012 3.933 2.269 26.809
5187 2.871 1.91 19.27
5396 5.047 2.405 10.871
3337 3.305 1.795 33.331
4125 4.45 2.624 21.813
6075 2.698 1.202 24.275
6896 4.191 1.593 27.288
4838 3.129 2.234 14.75
3628 4.627 1.437 38.223
5577 3.553 2.765 5.683
5631 4.708 1.819 24.728
3572 3.643 2.49 17.188
4893 4.101 1.163 35.671
6843 3.048 2.522 8.133
6130 4.54 2.132 3.314
4071 2.78 1.555 40.775
3391 4.965 2.851 14.248
5340 3.215 1.461 31.708
5009 4.016 2.979 38.309
3192 2.961 1.338 5.77
4277 4.794 2.01 29.253
6453 3.729 1.682 16.714
6509 5.222 1.042 19.732
4694 3.473 2.652 22.194
3780 4.283 1.948 10.667
5956 2.522 2.371 33.127
5950 4.572 1.002 7.654
3751 3.607 2.673 35.194
4711 4.138 1.971 17.349
6520 3.183 2.329 24.887
6451 4.397 2.938 31.559
4252 2.752 1.36 14.097
3214 4.992 2.032 41.242
5022 3.359 1.641 3.782
5314 3.88 2.17 16.554
3389 2.926 1.528 29.093
4085 4.831 2.826 6.248
6152 3.864 1.498 38.786
6813 5.079 1.856 32.66
4888 3.444 2.465 10.199
3582 4.311 1.137 22.343
5648 2.666 2.559 19.883
5579 4.228 1.615 40.216
3653 2.576 2.193 2.755
4816 5.169 1.396 29.91
6883 3.526 2.786 12.448
6080 4.741 2.426 19.115
4155 3.783 1.755 26.654
3320 3.961 2.582 8.799
5385 3.015 1.223 36.338
5217 4.911 2.713 24.109
3017 3.269 1.103 21.649
4448 4.487 2.306 33.804
6257 2.833 1.884 11.342
6715 4.048 1.274 5.221
4517 3.1 2.915 37.76
3945 4.654 1.742 14.904
5754 3.698 2.071 27.444
5872 4.201 2.856 36.513
3923 3.12 1.465 8.975
4601 4.635 2.138 26.205
6660 3.544 1.559 18.665
6373 5.058 1.169 12.937
4424 3.293 2.529 30.397
3105 4.463 1.826 2.618
5163 2.686 2.498 40.08
5486 4.894 1.938 27.932
3311 3.801 2.359 15.393
4225 3.943 1.032 37.623
6042 2.862 2.641 5.084
6985 4.376 2.001 11.518
4810 2.6 1.673 33.979
3723 5.145 2.97 21.2
5539 3.378 1.33 23.661
5720 5.232 2.274 3.918
3544 3.463 1.915 41.379
4988 4.292 2.743 13.61
6805 2.513 1.07 31.07
6220 4.027 1.712 25.337
4045 2.949 2.103 17.798
3492 4.807 1.306 35.018
5307 3.717 2.884 7.479
5108 4.55 1.427 20.332
3158 2.77 2.754 22.793
4370 4.974 1.583 10.023
6429 3.206 2.223 32.483
6606 4.72 2.615 38.924
4658 3.632 1.193 6.384
3867 4.113 2.396 28.604
5926 3.035 1.787 16.066
5891 4.438 2.452 23.127
3839 2.71 1.875 20.666
4630 5.046 2.546 32.193
6571 3.306 1.156 9.733
6393 4.607 1.514 6.714
4343 3.573 2.186 39.253
3131 4.181 1.483 15.77
5072 3.139 2.842 28.309
5280 5.131 1.347 41.709
3456 3.393 2.957 4.247
4009 4.353 1.628 30.775
6194 2.624 2.051 13.315
6777 3.924 2.659 18.132
4953 2.88 1.018 25.672
3509 4.864 2.315 7.189
5692 3.832 1.987 34.727
5512 4.782 2.933 15.684
3687 3.742 1.262 28.222
4774 4.015 2.089 4.749
6958 2.962 1.73 37.289
6015 4.263 1.12 34.274
4190 2.542 2.698 11.814
3276 5.213 1.901 23.332
5459 3.482 2.291 20.87
5128 4.1 1.773 9.27
3077 3.049 2.414 36.809
4396 4.696 1.241 18.336
6338 3.655 2.57 25.875
6625 4.956 2.21 30.688
4575 3.224 1.6 13.228
3896 4.52 2.803 39.745
5837 2.801 1.381 2.284
5782 5.023 1.658 21.984
3980 3.329 2.018 24.444
4552 4.415 1.315 11.052
6743 2.733 2.987 33.513
6284 4.161 2.347 38.089
4484 3.159 1.956 5.55
3053 4.586 2.629 27.149
5244 3.594 1.05 14.609
5421 4.33 2.514 3.085
3346 2.647 1.186 40.545
4181 5.108 2.483 12.153
6116 3.415 1.843 29.615
6918 4.844 1.453 26.988
4844 3.852 2.874 19.45
3681 3.904 1.547 36.048
5614 2.9 2.156 8.508
5684 3.992 1.209 29.384
3609 2.985 2.6 16.844
4915 4.759 1.803 38.451
6849 3.764 2.382 5.913
6186 5.192 2.773 10.494
4112 3.502 1.413 32.956
3416 4.243 2.242 19.554
5349 2.562 1.57 22.014
5050 4.673 2.119 35.489
3249 3.678 1.698 7.95
4287 4.077 2.901 24.558
6479 3.072 1.292 17.019
6547 4.5 1.933 14.388
4746 2.821 2.261 31.849
3786 4.935 1.09 3.447
5977 3.244 2.73 40.908
5972 4.931 2.022 14.526
3796 3.249 1.662 27.065
4740 4.507 2.991 5.458
6557 2.813 1.318 37.997
6468 4.071 1.96 33.44
4293 3.078 2.351 10.979
3239 4.677 1.054 24.381
5056 3.674 2.633 21.92
5355 4.249 1.182 8.445
3406 2.556 2.51 35.983
4118 5.189 1.839 19.376
6177 3.506 2.479 26.916
6858 4.764 2.87 29.521
4909 3.76 1.449 12.061
3619 3.984 2.152 40.463
5677 2.993 1.543 3.001
5624 3.899 2.596 22.088
3675 2.905 1.205 19.626
4853 4.851 2.378 33.018
6913 3.845 1.799 10.558
6121 5.102 1.409 5.996
4172 3.422 2.769 38.535
3353 4.333 1.566 16.938
5411 2.643 2.238 29.476
5235 4.592 1.702 41.001
3058 3.588 2.123 3.54
4473 4.158 1.296 31.932
6290 3.162 2.905 14.471
6737 4.42 2.265 17.082
4562 2.728 1.937 24.622
3975 5.015 2.734 8.024
5791 3.336 1.094 35.563
5831 4.53 1.871 28.402
3905 2.791 2.449 15.863
4568 4.953 1.152 39.336
6635 3.226 2.542 6.797
6328 4.697 2.182 9.796
4403 3.654 1.511 32.257
3067 4.091 2.838 20.74
5134 3.058 1.479 23.2
5465 5.212 2.961 34.801
3266 3.483 1.351 7.261
4196 4.272 2.054 25.734
6005 2.533 1.632 18.196
6968 4.005 1.022 13.397
4769 2.972 2.663 30.859
3698 4.783 1.99 4.341
5506 3.74 2.319 41.801
5702 4.874 1.265 20.807
3503 3.822 2.937 23.267
4962 3.922 1.734 11.74
6772 2.882 2.093 34.202
6199 4.353 2.701 37.195
4000 2.623 1.124 4.657
3462 5.122 2.295 28.14
5270 3.402 1.905 15.6
5063 4.181 2.41 2.201
3136 3.139 1.769 39.662
4333 4.616 2.566 13.135
6400 3.565 1.238 30.596
6565 5.036 1.596 25.802
4640 3.316 2.206 18.263
3834 4.44 1.377 36.746
5900 2.708 2.8 9.206
5936 4.119 1.461 39.996
3861 3.029 2.853 2.536
4667 4.717 1.555 30.305
6601 3.635 2.133 12.844
6434 4.979 2.525 18.593
4361 3.201 1.165 26.131
3164 4.542 2.494 8.911
5098 2.778 1.821 36.451
5298 4.802 2.364 23.597
3497 3.722 1.942 21.136
4035 4.034 2.645 33.906
6227 2.942 1.036 11.445
6799 4.285 1.678 4.991
4998 2.519 2.005 37.53
3538 5.236 1.334 15.31
5729 3.46 2.974 27.849
5533 5.151 1.918 7.552
3732 3.372 2.278 35.092
4803 4.373 1.075 17.861
6995 2.604 2.747 25.4
6032 3.947 2.107 31.154
4232 2.858 1.716 13.692
3301 4.886 2.889 41.472
5492 3.809 1.31 4.011
5169 4.458 2.75 16.158
3094 2.691 1.422 28.698
4430 5.066 2.219 6.468
6363 3.286 1.579 39.006
6670 4.629 1.189 32.548
4596 3.55 2.61 10.086
3933 4.204 1.783 22.866
5866 3.116 2.392 20.406
5764 4.654 2.677 3.874
3939 3.698 1.006 41.336
4526 4.057 2.333 14.181
6710 3.092 1.974 31.641
6262 4.477 1.364 24.952
4439 2.843 2.942 17.412
3024 4.913 1.645 35.267
5207 3.267 2.035 7.728
5376 3.971 1.525 19.956
3325 3.005 2.166 22.417
4144 4.739 1.493 10.262
6086 3.785 2.822 32.723
6877 5.17 2.462 38.87
4826 3.526 1.852 6.33
3648 4.22 2.555 29.186
5588 2.585 1.133 16.647
5643 4.31 2.189 36.274
3592 2.667 1.611 8.735
4881 5.088 2.783 26.581
6824 3.435 1.392 19.042
6142 4.821 1.751 12.356
4091 3.874 2.422 29.817
3379 3.881 1.22 2.672
5320 2.924 2.578 40.133
5029 5.002 1.107 27.36
3204 3.349 2.716 14.822
4258 4.395 1.888 37.668
6441 2.754 2.31 5.128
6529 4.139 2.919 11.27
4705 3.182 1.277 33.73
3761 4.563 2.075 21.585
5944 3.616 1.746 24.047
5962 4.273 2.881 19.207
3770 2.532 1.304 26.745
4699 5.224 2.1 8.263
6500 3.471 1.71 35.802
6463 4.793 1.07 40.595
4272 3.73 2.742 3.135
3202 4.024 1.914 29.662
5003 2.953 2.273 12.201
5334 4.965 1.791 5.601
3400 3.214 2.401 38.139
4065 4.532 1.197 14.656
6140 2.789 2.62 27.196
6833 4.111 2.23 24.201
4900 3.038 1.589 21.741
3563 4.706 2.761 33.268
5636 3.645 1.433 10.806
5567 4.617 2.487 31.802
3634 3.563 1.815 14.34
4828 4.193 2.518 40.858
6903 3.127 1.159 3.398
6068 4.449 1.55 8.195
4135 2.699 2.128 35.735
3331 5.056 1.457 17.262
5405 3.296 2.847 24.8
5198 3.934 1.342 33.201
3005 2.87 2.983 10.74
4468 4.875 1.686 22.257
6269 3.82 2.014 19.796
6696 5.142 2.656 16.797
4505 3.381 1.046 29.336
3965 4.363 2.375 5.863
5765 2.614 1.952 38.402
5853 5.204 1.23 25.563
3911 3.491 2.59 18.023
4621 4.253 1.761 34.621
6672 2.552 2.433 7.083
6353 4.002 2.792 4.471
4412 2.975 1.401 41.932
3124 4.77 2.198 13.54
5175 3.753 1.619 31.001
5475 4.511 2.07 39.477
3291 2.809 1.742 6.937
4237 4.945 2.913 28.535
6062 3.234 1.273 15.997
6974 4.684 1.882 20.557
4790 3.668 2.303 23.019
3735 4.088 1.1 9.627
5558 3.06 2.709 32.087
5739 4.172 1.655 13.002
3556 3.147 2.046 30.462
4968 4.597 1.374 2.06
6793 3.583 2.953 39.522
6240 5.033 2.343 36.915
4057 3.319 1.983 9.377
3472 4.426 2.686 25.984
5295 2.722 1.014 18.444
5120 4.855 2.55 11.92
3177 3.841 1.129 34.381
4358 3.914 2.456 20.979
6409 2.89 1.847 23.44
6618 4.34 1.487 27.997
4677 2.636 2.815 15.458
3856 5.12 1.519 37.065
5906 3.404 2.159 4.526
5879 4.751 1.571 34.046
3820 3.773 2.243 11.586
4641 3.973 1.415 23.731
6591 3.004 2.774 21.269
6381 4.24 2.384 15.128
4324 2.565 1.807 27.667
3143 5.179 2.603 4.821
5092 3.516 1.212 37.361
5261 4.058 2.724 30.133
3444 3.09 1.082 12.672
4029 4.666 2.254 39.817
6206 3.686 1.926 2.356
6758 4.922 1.287 9.042
4942 3.258 2.896 36.581
3529 4.497 1.692 18.735
5704 2.823 2.115 26.274
5523 4.407 1.059 6.647
3707 2.742 2.637 39.186
4762 5.004 1.966 16.33
6939 3.347 2.356 28.869
6026 4.584 2.997 22.723
4210 3.596 1.326 20.262
3264 4.148 2.029 32.417
5439 3.173 1.67 9.956
5148 5.089 2.141 17.728
3089 3.434 1.531 25.268
4377 4.322 2.86 7.412
6326 2.655 1.438 34.951
6644 3.891 1.829 41.642
4586 2.914 2.47 4.18
3876 4.84 1.173 31.335
5825 3.854 2.502 13.875
5801 4.038 2.287 10.405
3992 2.938 1.896 32.866
4532 4.817 2.693 20.087
6732 3.707 1.114 22.547
6303 5.242 1.723 29.007
4496 3.453 2.083 16.467
3033 4.303 1.254 38.697
5232 2.502 2.926 6.159
5433 4.731 1.385 14.011
3366 3.62 2.806 31.472
4169 4.124 1.603 3.693
6096 3.024 2.212 41.153
6929 4.56 2.571 35.4
4863 2.76 1.243 7.861
3669 4.985 2.414 25.091
5594 3.195 1.774 17.553
5664 5.07 2.83 37.849
3598 3.282 1.47 5.31
4934 4.473 2.174 27.531
6861 2.676 1.501 14.991
6167 4.211 1.141 21.445
4101 3.109 2.532 23.906
3436 4.647 1.86 11.136
5361 3.533 2.438 33.597
5038 4.388 1.998 26.45
3229 2.589 2.325 18.911
4299 5.155 1.029 36.132
6498 3.368 2.669 8.592
6535 4.904 2.059 2.845
4727 3.791 1.637 40.305
3798 3.954 2.965 12.535
5997 2.851 1.356 29.997
